0 1 9.043683e-12 2.326809e-11 1.110223e-16 9.043683e-12 1 2.39237e-10 3.330669e-16 2.32681e-11 2.39237e-10 0.9999999 -2.220446e-16
0.1036117 0.9999967 -0.002220141 -0.001303943 0.005542524 0.002223603 0.999994 0.002659561 -0.03047694 0.00129803 -0.002662451 0.9999956 1.528975
0.2073529 0.9999915 -0.003006968 -0.00282582 0.005664279 0.003016952 0.9999892 0.00353554 -0.06012991 0.002815159 -0.003544035 0.9999897 3.052409
0.3111179 0.9999889 -0.002128535 -0.004205819 0.003267206 0.00214175 0.9999928 0.003139851 -0.0883823 0.004199105 -0.003148823 0.9999862 4.566315
0.4147131 0.999983 -0.001524541 -0.005643893 -0.006648871 0.001542552 0.9999937 0.00318833 -0.110715 0.005638997 -0.003196981 0.9999789 6.079413
0.5199468 0.9999747 -0.001625829 -0.006926312 -0.01843176 0.001651081 0.999992 0.003641708 -0.1314352 0.006920335 -0.003653051 0.9999693 7.615299
0.6220911 0.9999623 -0.001739691 -0.008516225 -0.03171614 0.001772274 0.9999911 0.003819954 -0.1529581 0.008509503 -0.003834901 0.9999564 9.099118
0.725703 0.9999409 -0.003535931 -0.01028736 -0.04480997 0.003566679 0.9999892 0.002972015 -0.1743687 0.01027674 -0.00300853 0.9999426 10.59934
0.8294654 0.9999212 -0.004713044 -0.01163888 -0.06193958 0.004751315 0.9999834 0.003262684 -0.1890327 0.01162331 -0.003317725 0.9999269 12.09423
0.9330382 0.9999054 -0.004749818 -0.0129098 -0.08195167 0.004793738 0.9999828 0.003373208 -0.2057869 0.01289355 -0.003434774 0.9999109 13.58737
1.036778 0.999892 -0.004228781 -0.01407697 -0.1077803 0.004271543 0.9999863 0.00300902 -0.224905 0.01406406 -0.003068824 0.9998963 15.07594
1.140398 0.9998907 -0.002623327 -0.01455505 -0.1383473 0.002676639 0.9999898 0.003644477 -0.2492411 0.01454534 -0.003683036 0.9998874 16.56039
1.244137 0.999887 -0.001053198 -0.0149995 -0.1727573 0.001118768 0.9999898 0.004363721 -0.2723182 0.01499475 -0.004380008 0.9998779 18.0428
1.347751 0.9998788 -2.451032e-05 -0.0155732 -0.2058484 0.0001051712 0.9999866 0.005178666 -0.2957765 0.01557286 -0.005179675 0.9998653 19.51642
1.451492 0.9998719 -2.353867e-05 -0.01600922 -0.2386867 0.0001097502 0.9999855 0.005384263 -0.3132795 0.01600886 -0.005385328 0.9998573 20.98968
1.555107 0.9998636 0.0004413866 -0.01651007 -0.2678747 -0.0003508676 0.9999849 0.005485152 -0.3280154 0.01651224 -0.005478609 0.9998486 22.45164
1.658847 0.9998625 0.001119432 -0.01654724 -0.2977989 -0.001019277 0.9999811 0.006059863 -0.3414779 0.01655371 -0.006042162 0.9998447 23.90871
1.762586 0.9998615 0.002049949 -0.01651601 -0.3286901 -0.001931135 0.9999721 0.007206627 -0.3566005 0.01653032 -0.007173732 0.9998376 25.36099
1.866202 0.9998618 0.002377257 -0.01645374 -0.3584 -0.002272538 0.999977 0.006380235 -0.370178 0.01646853 -0.00634196 0.9998442 26.80201
1.969964 0.999862 0.002769091 -0.01638309 -0.3881643 -0.002708306 0.9999893 0.003731267 -0.3903781 0.01639325 -0.00368638 0.9998588 28.23509
2.073559 0.9998699 0.001170299 -0.01608933 -0.4156875 -0.001111481 0.9999926 0.003664197 -0.4127461 0.0160935 -0.003645836 0.9998638 29.6606
2.177298 0.9998749 0.0002102192 -0.01582067 -0.4428034 -0.0001086559 0.9999794 0.006420245 -0.43506 0.01582169 -0.006417721 0.9998542 31.08204
2.28105 0.9998765 -0.001461067 -0.0156508 -0.4678629 0.001586742 0.9999666 0.008020524 -0.4539657 0.01563856 -0.008044365 0.9998453 32.49337
2.384674 0.9998784 -0.002448086 -0.0154041 -0.4937117 0.002559861 0.9999705 0.007240648 -0.4678086 0.01538592 -0.007279197 0.9998551 33.88789
2.488425 0.9998849 -0.002351353 -0.01499188 -0.523018 0.00243464 0.9999817 0.005539601 -0.4845156 0.01497858 -0.005575461 0.9998722 35.27199
2.592012 0.9998958 -0.001558195 -0.01435595 -0.5548668 0.001621394 0.999989 0.004391701 -0.5027095 0.01434894 -0.004414519 0.9998872 36.63973
2.695755 0.9999091 -0.0008665701 -0.01345465 -0.5831612 0.0009187323 0.9999921 0.003871189 -0.5237 0.01345119 -0.003883197 0.9999019 37.99599
2.799368 0.9999242 -0.0003144412 -0.01231114 -0.6110062 0.0003705383 0.9999895 0.004554592 -0.5446798 0.01230958 -0.004558807 0.9999138 39.33019
2.903108 0.9999427 0.0003341605 -0.01070505 -0.635159 -0.0002610086 0.9999766 0.006834073 -0.5650871 0.01070708 -0.006830885 0.9999193 40.65401
3.00675 0.9999591 -0.0002712027 -0.009045792 -0.6559744 0.0003434903 0.999968 0.007990691 -0.5837699 0.009043335 -0.007993469 0.9999271 41.95719
3.110482 0.9999772 6.77791e-05 -0.006759562 -0.6731874 -1.046744e-05 0.999964 0.008478279 -0.6012229 0.006759893 -0.008478013 0.9999412 43.23955
3.214204 0.9999944 5.490955e-05 -0.003365373 -0.6865415 -2.680498e-05 0.9999651 0.008350575 -0.6178192 0.003365714 -0.008350436 0.9999594 44.50289
3.317943 0.9999997 -0.0007846738 0.000321897 -0.6935884 0.0007826665 0.9999805 0.006189643 -0.6350241 -0.0003267476 -0.006189388 0.9999807 45.74413
3.421685 0.9999922 -0.001100101 0.003803485 -0.6959569 0.001082755 0.999989 0.004559605 -0.6526707 -0.003808459 -0.00455545 0.9999823 46.97748
3.525427 0.9999689 -0.0006772935 0.007861748 -0.7001992 0.0006368232 0.9999865 0.005149118 -0.6645447 -0.007865129 -0.00514395 0.9999558 48.19774
3.629166 0.9999134 -0.0002620471 0.01315831 -0.6975233 0.0001937417 0.9999865 0.005192058 -0.6781882 -0.01315949 -0.005189058 0.9998999 49.40741
3.732909 0.9998044 0.001185349 0.01974544 -0.690361 -0.001267194 0.9999906 0.00413301 -0.6899979 -0.01974035 -0.004157221 0.9997964 50.60553
3.83666 0.9996268 0.002727086 0.02718144 -0.6759702 -0.00283309 0.9999885 0.003862101 -0.702069 -0.02717059 -0.003937667 0.999623 51.79127
3.940409 0.9993594 0.003728632 0.03559358 -0.6473751 -0.003917026 0.9999787 0.005224639 -0.7126113 -0.03557334 -0.005360712 0.9993526 52.9688
4.044264 0.998933 0.005955695 0.04579893 -0.6094624 -0.006221115 0.9999646 0.005654978 -0.7231034 -0.04576363 -0.005933863 0.9989346 54.13296
4.148122 0.9982392 0.008248457 0.05874191 -0.5600621 -0.008602116 0.9999463 0.00577022 -0.7297775 -0.05869116 -0.006265363 0.9982565 55.2811
4.251862 0.9972445 0.01030551 0.07346689 -0.4934098 -0.01079632 0.9999219 0.006286571 -0.7390768 -0.07339637 -0.007062419 0.9972778 56.41219
4.355725 0.9958861 0.01264625 0.08972728 -0.4111119 -0.01336115 0.9998835 0.007371203 -0.7469047 -0.08962361 -0.008539736 0.995939 57.53105
4.459611 0.994135 0.0128782 0.1073773 -0.3043738 -0.01390334 0.9998646 0.0088039 -0.755216 -0.1072494 -0.01024517 0.9941793 58.64015
4.563456 0.9919005 0.01254741 0.1263966 -0.1772585 -0.01369399 0.9998725 0.00820643 -0.7637425 -0.1262775 -0.009870833 0.9919458 59.73159
4.667325 0.9891307 0.01167645 0.1465751 -0.03027954 -0.01282087 0.9998942 0.006865394 -0.7709585 -0.1464794 -0.00866999 0.9891757 60.80734
4.771058 0.9858577 0.00910943 0.1673369 0.1414162 -0.01029133 0.9999278 0.006197189 -0.7801986 -0.1672684 -0.007831665 0.9858802 61.86839
4.874947 0.9819655 0.003793581 0.1890225 0.3429236 -0.005471338 0.9999501 0.008354942 -0.7905714 -0.1889814 -0.009238469 0.9819372 62.91291
4.978668 0.9773046 -0.001709232 0.2118322 0.5688516 -0.0004745824 0.9999473 0.0102579 -0.7991531 -0.2118385 -0.01012562 0.9772522 63.94069
5.082534 0.9718692 -0.006880933 0.2354211 0.822607 0.004698978 0.9999406 0.009828066 -0.8026621 -0.2354747 -0.008445355 0.9718437 64.949
5.1864 0.9654653 -0.01331156 0.2601914 1.098599 0.0116658 0.999901 0.007868493 -0.8056283 -0.2602703 -0.004561416 0.965525 65.93481
5.290138 0.9580718 -0.01728534 0.2860065 1.400581 0.01562878 0.9998452 0.008073843 -0.8048744 -0.2861018 -0.003265387 0.9581936 66.90386
5.394003 0.9495606 -0.02005549 0.3129416 1.71945 0.01762511 0.9997885 0.01059348 -0.8099221 -0.3130879 -0.004543522 0.9497132 67.85621
5.497872 0.93996 -0.02430701 0.3404181 2.070873 0.0208273 0.9996868 0.01387286 -0.811622 -0.3406487 -0.005949941 0.9401718 68.79155
5.601734 0.9291719 -0.02800214 0.368586 2.445156 0.02471863 0.9996015 0.01362813 -0.8131263 -0.3688207 -0.003551935 0.9294937 69.70243
5.705475 0.9172153 -0.02734522 0.3974524 2.836652 0.02544892 0.9996256 0.0100461 -0.813915 -0.3975783 0.0009002929 0.9175678 70.58836
5.809345 0.9041595 -0.02861151 0.426236 3.253649 0.02944809 0.9995556 0.004628971 -0.8166667 -0.426179 0.008366502 0.9046001 71.45272
5.913083 0.8900733 -0.03066895 0.4547845 3.697183 0.03353669 0.9994359 0.001762472 -0.8217552 -0.454582 0.01368323 0.8905997 72.3001
6.016968 0.8745234 -0.03199557 0.4839268 4.16577 0.03386512 0.9994145 0.004878839 -0.8265719 -0.4837995 0.01212158 0.8750948 73.1322
6.120823 0.8569678 -0.03122428 0.5144232 4.656399 0.02991533 0.9994937 0.01083157 -0.8326482 -0.514501 0.006106832 0.857468 73.95134
6.224565 0.8375209 -0.03135402 0.545505 5.171922 0.0271662 0.999507 0.0157401 -0.8379065 -0.5457295 0.001636631 0.8379597 74.74042
6.32844 0.8164962 -0.02594618 0.5767676 5.707425 0.02416207 0.9996501 0.01076493 -0.8397157 -0.576845 0.005146369 0.8168373 75.50137
6.432181 0.7946459 -0.01916753 0.6067706 6.267395 0.02143011 0.9997641 0.003516416 -0.8402731 -0.6066949 0.01020885 0.7948692 76.23592
6.535919 0.7722395 -0.01642356 0.6351193 6.852965 0.02055808 0.9997883 0.0008570305 -0.8436503 -0.6349988 0.012395 0.7724136 76.94187
6.639619 0.7490502 -0.01930171 0.6622321 7.469758 0.02196146 0.9997496 0.004298553 -0.8507153 -0.6621492 0.01132375 0.7492864 77.62714
6.743256 0.7247325 -0.01953835 0.6887533 8.102844 0.02116676 0.9997574 0.006088352 -0.8620809 -0.6887052 0.01016625 0.7249702 78.28406
6.847019 0.6994597 -0.01826382 0.7144387 8.750799 0.02269947 0.9997368 0.0033336 -0.8702408 -0.7143114 0.01388565 0.6996901 78.9059
6.950676 0.6733401 -0.01581716 0.7391637 9.420955 0.02290921 0.9997374 0.0005239928 -0.8762188 -0.7389778 0.01658082 0.6735256 79.5064
7.054434 0.6464027 -0.01342373 0.7628783 10.10937 0.02085704 0.9997824 -8.027689e-05 -0.8844685 -0.7627113 0.01596327 0.646542 80.08158
7.158126 0.6186204 -0.01239589 0.7855922 10.82345 0.02120024 0.9997748 -0.0009188054 -0.8963087 -0.7854039 0.01722313 0.6187439 80.63432
7.261837 0.5901006 -0.006313377 0.8073051 11.55404 0.02023865 0.9997708 -0.006974943 -0.9103951 -0.807076 0.02045467 0.5900931 81.16168
7.365577 0.5602449 0.002835353 0.8283222 12.29823 0.01892332 0.9996893 -0.01622094 -0.9440788 -0.8281109 0.0247623 0.5600171 81.67543
7.469315 0.5295973 0.01127181 0.8481743 13.06621 0.01835654 0.9995252 -0.02474496 -0.989975 -0.8480505 0.0286744 0.529139 82.17844
7.572928 0.498018 0.01631846 0.8670132 13.85636 0.01612194 0.9994759 -0.02807216 -1.044292 -0.8670168 0.02795836 0.4974939 82.66054
7.676672 0.4656619 0.01582819 0.8848212 14.67086 0.01381362 0.9995882 -0.02515102 -1.091171 -0.8848548 0.02393445 0.4652515 83.10277
7.780431 0.4327521 0.01418518 0.9014014 15.50495 0.009386123 0.9997511 -0.02023906 -1.141769 -0.9014641 0.01721915 0.4325112 83.5264
7.88415 0.3985676 0.01506852 0.9170152 16.35188 0.005370069 0.9998095 -0.01876304 -1.18292 -0.9171232 0.01240277 0.3984108 83.90596
7.987818 0.363439 0.0180194 0.9314438 17.21884 -0.001324542 0.9998219 -0.0188254 -1.223975 -0.931617 0.005608144 0.3633981 84.2663
8.091556 0.3276884 0.02019548 0.94457 18.10134 -0.006744494 0.999796 -0.01903646 -1.258474 -0.9447617 -0.0001326205 0.3277578 84.58881
8.195302 0.291584 0.01934555 0.9563496 19.00345 -0.00964834 0.9998041 -0.01728287 -1.292921 -0.9564965 -0.004187781 0.2917135 84.87369
8.299053 0.2554161 0.0189868 0.9666448 19.92032 -0.01046188 0.9998029 -0.01687376 -1.333845 -0.9667746 -0.005803097 0.2555644 85.12286
8.40273 0.2195925 0.01816829 0.9754225 20.85317 -0.009854782 0.9998169 -0.0164041 -1.389328 -0.9755419 -0.00601036 0.2197313 85.33947
8.506356 0.1842613 0.01726802 0.9827256 21.79622 -0.007939294 0.9998392 -0.01608012 -1.441902 -0.9828452 -0.004839206 0.1843688 85.51592
8.610085 0.1497064 0.01548325 0.9886093 22.74979 -0.0004622691 0.9998783 -0.01558975 -1.487418 -0.9887303 0.001876878 0.1496954 85.65402
8.7137 0.1161094 0.01870304 0.9930603 23.70411 0.003197353 0.9998105 -0.01920401 -1.536455 -0.9932312 0.005404927 0.1160276 85.75774
8.817441 0.08347086 0.0244984 0.9962091 24.66336 0.00360078 0.9996838 -0.02488556 -1.578857 -0.9965037 0.005664345 0.08335625 85.83875
8.921074 0.05411487 0.02811233 0.9981389 25.62625 0.01029633 0.9995347 -0.02870987 -1.637414 -0.9984816 0.01183079 0.05380024 85.88405
9.024545 0.02844833 0.0276931 0.9992116 26.5967 0.01316383 0.9995191 -0.02807641 -1.686769 -0.9995085 0.01395218 0.0280701 85.9035
9.128182 0.005896436 0.0237638 0.9997002 27.57774 0.01408032 0.9996165 -0.02384486 -1.740061 -0.9998834 0.01421669 0.005559573 85.9082
9.231657 -0.01322891 0.0205541 0.9997012 28.56061 0.01436558 0.9996894 -0.02036377 -1.785582 -0.9998093 0.01409189 -0.01352007 85.89204
9.335267 -0.02974218 0.02343909 0.9992828 29.53912 0.01629226 0.9996036 -0.0229617 -1.850372 -0.9994248 0.01559764 -0.03011226 85.86002
9.438799 -0.04451169 0.02917319 0.9985828 30.52056 0.01897167 0.9994179 -0.02835194 -1.910044 -0.9988287 0.01768279 -0.04503924 85.8096
9.542373 -0.05644683 0.03313707 0.9978556 31.50611 0.02335369 0.9992194 -0.03186129 -1.968582 -0.9981324 0.02150513 -0.05717664 85.7461
9.646095 -0.06558728 0.03696838 0.9971618 32.49553 0.02936162 0.9989522 -0.03510353 -2.034292 -0.9974147 0.02697593 -0.06660401 85.66974
9.749609 -0.07133181 0.04201284 0.9965675 33.48523 0.03294277 0.9986667 -0.03974338 -2.096511 -0.9969085 0.02999472 -0.07262072 85.5875
9.853097 -0.0749798 0.04736707 0.9960595 34.47574 0.03484801 0.9983855 -0.04485447 -2.16517 -0.9965759 0.0313475 -0.07650939 85.50585
9.956711 -0.07772054 0.05100177 0.9956698 35.47392 0.0371022 0.9981468 -0.04823252 -2.230292 -0.9962845 0.03319288 -0.07946878 85.41929
10.06045 -0.08041092 0.05455562 0.9952677 36.47409 0.03755346 0.9979579 -0.05166903 -2.30243 -0.9960541 0.03322099 -0.08229546 85.33282
10.16407 -0.08277044 0.05712855 0.9949299 37.47623 0.03843787 0.9977957 -0.05409539 -2.372412 -0.995827 0.03376548 -0.08478388 85.24353
10.26768 -0.08466798 0.06126156 0.9945242 38.47939 0.03950431 0.9975298 -0.05808354 -2.446547 -0.9956258 0.03437017 -0.08687892 85.15093
10.37145 -0.08668535 0.06295573 0.9942446 39.48794 0.04222097 0.9973368 -0.05947041 -2.531911 -0.9953406 0.03682275 -0.08911253 85.04711
10.47504 -0.08870577 0.06205828 0.9941228 40.50491 0.0425221 0.9973833 -0.05846758 -2.620466 -0.9951498 0.03708576 -0.09111249 84.94335
10.57878 -0.09119746 0.06078595 0.9939759 41.52314 0.04136854 0.9975049 -0.0572062 -2.703793 -0.9949732 0.03590226 -0.09348453 84.84011
10.68242 -0.09318044 0.06236751 0.993694 42.54154 0.04189171 0.9973979 -0.05867174 -2.782434 -0.9947675 0.03616047 -0.09555066 84.7334
10.78618 -0.09565326 0.06425885 0.9933385 43.56321 0.04068653 0.9973326 -0.06059934 -2.862846 -0.9945828 0.03461896 -0.09801257 84.62639
10.88987 -0.09826735 0.066807 0.9929151 44.59161 0.03932738 0.9972254 -0.06320485 -2.947049 -0.9943826 0.03283776 -0.100622 84.51273
10.99353 -0.1008219 0.07017314 0.9924267 45.6239 0.03714918 0.9970794 -0.06672811 -3.034107 -0.9942106 0.03014017 -0.1031343 84.39616
11.09727 -0.1030371 0.07454546 0.9918802 46.65834 0.03383043 0.9968734 -0.07140641 -3.121719 -0.994102 0.02619821 -0.1052369 84.28026
11.20102 -0.1055615 0.07713973 0.9914163 47.69859 0.03158554 0.9967437 -0.07419117 -3.212409 -0.993911 0.02348268 -0.1076543 84.15974
11.30471 -0.1082516 0.07568366 0.9912384 48.74265 0.02980113 0.9968967 -0.07286116 -3.300682 -0.9936767 0.02165268 -0.1101712 84.03799
11.40845 -0.1113399 0.07123111 0.9912263 49.79767 0.02642006 0.9972875 -0.06869905 -3.399467 -0.9934311 0.0185393 -0.1129199 83.91179
11.51214 -0.1139163 0.06959566 0.9910497 50.8513 0.02627206 0.9974055 -0.06702216 -3.491219 -0.9931429 0.018402 -0.1154491 83.78036
11.6159 -0.115825 0.0698504 0.9908106 51.90709 0.02598171 0.9973959 -0.06727743 -3.581332 -0.9929297 0.01795053 -0.1173382 83.64593
11.71955 -0.1171497 0.07263404 0.9904546 52.96284 0.02737638 0.997179 -0.06988915 -3.668473 -0.9927368 0.01892756 -0.1188076 83.50873
11.82328 -0.1177716 0.07541683 0.9901728 54.02128 0.0279044 0.9969695 -0.07261556 -3.758476 -0.9926485 0.01907812 -0.1195192 83.37012
11.92703 -0.1182043 0.07659691 0.9900307 55.08951 0.02708114 0.9968982 -0.07389492 -3.853303 -0.9926199 0.01807646 -0.1199119 83.23118
12.03077 -0.1180776 0.0748294 0.9901809 56.16217 0.02374347 0.9970843 -0.07251974 -3.946919 -0.9927204 0.01494737 -0.11951 83.09674
12.13451 -0.1183116 0.0745033 0.9901776 57.23648 0.01999762 0.9971578 -0.0726391 -4.04344 -0.9927751 0.01120714 -0.1194652 82.9632
12.23813 -0.1184144 0.07536459 0.9901001 58.31225 0.01629358 0.9971287 -0.07395092 -4.137484 -0.9928305 0.007375422 -0.1193023 82.83188
12.34189 -0.1187915 0.0757044 0.990029 59.39428 0.01225761 0.997125 -0.07477625 -4.235523 -0.9928435 0.003252604 -0.1193779 82.69832
12.44549 -0.1192827 0.07481209 0.9900378 60.48415 0.008649815 0.9971976 -0.07431098 -4.332877 -0.9928226 -0.0003003721 -0.1195955 82.56445
12.54922 -0.1196761 0.06989088 0.9903499 61.58947 0.008554825 0.9975546 -0.06936556 -4.427686 -0.9927761 0.0001708706 -0.1199813 82.42007
12.65287 -0.119974 0.06147785 0.9908717 62.69201 0.01156217 0.9980996 -0.06052637 -4.50744 -0.9927097 0.004195035 -0.1204568 82.27636
12.75659 -0.1199894 0.05482827 0.99126 63.80163 0.01624666 0.9984485 -0.05325927 -4.57511 -0.9926422 0.009714108 -0.120694 82.12657
12.8602 -0.11919 0.0575356 0.991203 64.90299 0.02502529 0.9981765 -0.05493116 -4.637324 -0.992556 0.01825789 -0.1204125 81.97173
12.96381 -0.1179477 0.06349043 0.9909881 66.00675 0.03117512 0.9976988 -0.06020991 -4.698824 -0.9925303 0.02379254 -0.1196556 81.81847
13.06755 -0.1170727 0.06916153 0.9907122 67.11535 0.03455186 0.9972519 -0.06553508 -4.769758 -0.9925221 0.02655857 -0.1191407 81.67129
13.17118 -0.1163451 0.07294952 0.9905262 68.22842 0.0356482 0.9969631 -0.06923643 -4.848159 -0.9925689 0.02725515 -0.1185923 81.52737
13.27491 -0.1163709 0.07198808 0.9905936 69.35294 0.03285757 0.9971029 -0.06860117 -4.927907 -0.9926621 0.02456532 -0.1183991 81.38834
13.37865 -0.1161347 0.06691418 0.9909769 70.485 0.0307207 0.9974927 -0.06375393 -5.011017 -0.9927582 0.02303945 -0.1178991 81.24871
13.48241 -0.1159475 0.0639435 0.991195 71.62116 0.02916131 0.9977145 -0.06095288 -5.086994 -0.9928271 0.0218372 -0.1175472 81.11025
13.58601 -0.1158279 0.06476 0.9911559 72.75311 0.02780437 0.9976926 -0.06193785 -5.162949 -0.99288 0.02038433 -0.1173612 80.97266
13.68975 -0.1156249 0.06921292 0.9908787 73.88909 0.02803964 0.9973992 -0.06639647 -5.241054 -0.9928971 0.02010678 -0.1172649 80.83141
13.79348 -0.1149327 0.0731493 0.9906764 75.02755 0.02837532 0.9971199 -0.07033314 -5.323826 -0.9929679 0.02002718 -0.1166773 80.68962
13.89712 -0.1145607 0.07215451 0.9907924 76.17779 0.0284323 0.9971883 -0.06933281 -5.40908 -0.9930092 0.02022768 -0.1162901 80.54753
14.00084 -0.114032 0.06411854 0.9914059 77.33948 0.02957171 0.997692 -0.06112375 -5.49365 -0.9930368 0.0223475 -0.1156649 80.40286
14.10445 -0.1142248 0.0632584 0.9914389 78.49684 0.02937545 0.9977493 -0.06027667 -5.575395 -0.9930205 0.02223887 -0.1158259 80.2607
14.20807 -0.1141173 0.06638015 0.9912472 79.65385 0.0272118 0.9975997 -0.06367282 -5.653289 -0.9930945 0.01970744 -0.1156497 80.12242
14.31181 -0.1138666 0.06956512 0.9910576 80.81443 0.02669236 0.9973996 -0.06694351 -5.733271 -0.9931374 0.01883103 -0.1154274 79.98194
14.41543 -0.1137738 0.06906425 0.9911033 81.98866 0.02583138 0.9974492 -0.06654116 -5.820181 -0.9931708 0.01803092 -0.1152676 79.84084
14.51906 -0.1133275 0.06578657 0.9913774 83.14911 0.0250235 0.997678 -0.06334417 -5.906836 -0.9932425 0.01762909 -0.1147106 79.7018
14.62278 -0.1123304 0.06450052 0.9915753 84.31156 0.02587357 0.9977425 -0.06197062 -5.991644 -0.993334 0.0186944 -0.1137457 79.56056
14.7264 -0.11087 0.06472693 0.9917249 85.48133 0.02733133 0.997698 -0.06206128 -6.073437 -0.993459 0.02022442 -0.1123838 79.41861
14.83014 -0.1096846 0.06518914 0.9918265 86.65574 0.03006997 0.9976079 -0.06224375 -6.143337 -0.9935115 0.02299701 -0.1113824 79.27416
14.93376 -0.1085184 0.06474185 0.991984 87.84314 0.02975946 0.9976413 -0.06185554 -6.220092 -0.9936489 0.02280844 -0.1101891 79.13297
15.03737 -0.107126 0.06555051 0.9920823 89.03034 0.03105347 0.997558 -0.06255914 -6.292724 -0.9937603 0.02410588 -0.1089 78.99178
15.14111 -0.1060845 0.06303828 0.9923569 90.23925 0.03127932 0.9977061 -0.06003429 -6.375416 -0.993865 0.02467154 -0.1078129 78.85004
15.24485 -0.1050696 0.0624427 0.9925026 91.45274 0.02995006 0.9977727 -0.05960367 -6.458889 -0.9940137 0.02346297 -0.1067057 78.71205
15.34849 -0.1037604 0.06200648 0.9926676 92.66639 0.03098535 0.9977718 -0.05908652 -6.54215 -0.9941195 0.0246273 -0.1054505 78.57336
15.45231 -0.1021775 0.06256298 0.9927969 93.88743 0.02941137 0.997774 -0.05984965 -6.627664 -0.9943313 0.02308422 -0.1037901 78.43781
15.55595 -0.1006056 0.06553057 0.992766 95.10911 0.02978588 0.9975797 -0.06282986 -6.713115 -0.9944804 0.02324936 -0.102314 78.30262
15.65967 -0.0994543 0.06530825 0.9928966 96.33804 0.02801108 0.9976321 -0.06281398 -6.79866 -0.9946477 0.02156498 -0.1010481 78.17155
15.76346 -0.09903252 0.06264174 0.9931106 97.56935 0.0238801 0.9978788 -0.0605612 -6.882331 -0.9947976 0.01771805 -0.1003183 78.05765
15.86717 -0.09886702 0.06376206 0.9930558 98.80208 0.02145327 0.9978496 -0.06193402 -6.966266 -0.9948693 0.01518106 -0.1000223 77.93983
15.97091 -0.09915247 0.06387177 0.9930203 100.0429 0.01887214 0.997879 -0.06229993 -7.052411 -0.9948932 0.01256322 -0.1001476 77.8218
16.07463 -0.1002303 0.06081209 0.9931041 101.2886 0.01600489 0.9980998 -0.0595027 -7.13867 -0.9948355 0.009930544 -0.1010131 77.69989
16.17849 -0.1015079 0.05933445 0.9930638 102.5376 0.01383515 0.9982074 -0.0582276 -7.224808 -0.9947385 0.007828622 -0.1021469 77.57772
16.28215 -0.1028405 0.05871368 0.9929635 103.7849 0.01216107 0.998256 -0.05776712 -7.308559 -0.9946235 0.0061347 -0.1033751 77.45043
16.38589 -0.1045565 0.05860639 0.9927907 105.0341 0.01185647 0.9982646 -0.05768087 -7.394646 -0.9944482 0.005740074 -0.10507 77.31942
16.48961 -0.1068276 0.05728775 0.9926258 106.2831 0.01215405 0.9983394 -0.05630947 -7.478364 -0.9942032 0.006049008 -0.1073465 77.18259
16.59323 -0.1098782 0.05235797 0.9925651 107.5331 0.008644135 0.9986242 -0.05172068 -7.561306 -0.9939074 0.002896888 -0.1101796 77.04728
16.69699 -0.1139706 0.05194301 0.9921253 108.7743 0.008262714 0.9986473 -0.0513353 -7.641329 -0.9934497 0.00234693 -0.1142456 76.90436
16.80059 -0.1195938 0.05673661 0.9912005 110.0019 0.002541051 0.99838 -0.05684099 -7.722951 -0.9928196 -0.00427914 -0.1195442 76.76378
16.90495 -0.1267574 0.06210592 0.9899876 111.2386 0.003716825 0.9980607 -0.0621365 -7.807969 -0.9919267 -0.004196651 -0.1267424 76.60787
17.00813 -0.1357632 0.05923628 0.9889689 112.4618 0.006028125 0.9982419 -0.05896419 -7.896792 -0.9907229 -0.002043545 -0.1358816 76.43702
17.11181 -0.1468222 0.0538387 0.9876967 113.6907 0.005285012 0.9985461 -0.05364448 -7.983049 -0.9891487 -0.002656214 -0.1468933 76.25308
17.21568 -0.1594597 0.05569923 0.9856319 114.9114 0.007842035 0.998447 -0.05515472 -8.061834 -0.9871732 -0.001065599 -0.1596488 76.04901
17.31942 -0.1737504 0.05634415 0.9831766 116.1296 0.009453501 0.9984113 -0.05554659 -8.141038 -0.9847443 -0.0003567834 -0.174007 75.82078
17.42316 -0.1884259 0.05405645 0.9805986 117.341 0.009523557 0.9985376 -0.05321538 -8.223598 -0.9820412 -0.0006883714 -0.1886651 75.5813
17.5269 -0.2036572 0.05590004 0.9774451 118.5414 0.01458706 0.9984311 -0.05406093 -8.306282 -0.9789336 0.003248151 -0.204153 75.31661
17.63064 -0.2190626 0.05932381 0.9739057 119.7281 0.01460824 0.9982374 -0.05752009 -8.388866 -0.9756014 0.001626542 -0.2195431 75.04274
17.73425 -0.2343892 0.06389957 0.9700405 120.9037 0.01493501 0.9979563 -0.06212977 -8.474808 -0.9720281 -7.498799e-05 -0.2348645 74.7513
17.83799 -0.2506675 0.06208529 0.9660804 122.0798 0.01136813 0.9980613 -0.06119089 -8.561332 -0.9680065 -0.004356038 -0.2508873 74.44731
17.94173 -0.2670267 0.05550955 0.9620891 123.2631 0.005398909 0.9984102 -0.05610671 -8.644916 -0.963674 -0.009787759 -0.2669018 74.12704
18.04536 -0.2830064 0.05113256 0.9577541 124.4375 0.001087702 0.9985943 -0.05299155 -8.723087 -0.9591174 -0.0139552 -0.2826642 73.78566
18.14909 -0.2984538 0.05237678 0.9529859 125.5966 -0.0006646978 0.9984814 -0.05508542 -8.799145 -0.9544238 -0.0170739 -0.2979657 73.42718
18.25283 -0.3131229 0.05450156 0.9481475 126.7459 -0.000833962 0.9983358 -0.05766192 -8.874807 -0.9497122 -0.01884598 -0.3125563 73.04799
18.35644 -0.3271078 0.05623719 0.9433122 127.8828 0.0005194592 0.9982382 -0.05933158 -8.95451 -0.9449869 -0.01891781 -0.3265607 72.65186
18.46006 -0.3413455 0.05661713 0.9382312 129.0149 0.002514476 0.9982356 -0.05932327 -9.035824 -0.9399345 -0.01789057 -0.3408856 72.2359
18.5638 -0.3555538 0.05435651 0.9330739 130.1383 0.002025469 0.9983499 -0.05738738 -9.118396 -0.9346536 -0.01851439 -0.3550772 71.80658
18.66742 -0.3701034 0.05298037 0.9274786 131.2536 0.001738222 0.9984102 -0.05633858 -9.199095 -0.9289889 -0.01923894 -0.3696071 71.36168
18.7712 -0.3850383 0.05379297 0.9213316 132.3546 0.0001404929 0.9983033 -0.05822835 -9.279118 -0.9229006 -0.0222907 -0.3843925 70.90448
18.87477 -0.3998406 0.05665126 0.9148323 133.4422 0.001254572 0.998121 -0.06126063 -9.359054 -0.9165838 -0.02334676 -0.3991603 70.42848
18.97873 -0.4147639 0.05782533 0.9080898 134.5288 0.001957902 0.9980331 -0.06265849 -9.441782 -0.9099269 -0.02421053 -0.4140613 69.9313
19.08226 -0.429146 0.06062984 0.901198 135.6043 0.004536845 0.9978766 -0.06497368 -9.527433 -0.9032237 -0.02379459 -0.4285098 69.4146
19.18597 -0.4440749 0.06369173 0.8937231 136.6762 0.004605216 0.9976193 -0.06880773 -9.61488 -0.8959778 -0.02644 -0.443311 68.8803
19.28953 -0.4591859 0.06647746 0.8858494 137.742 0.005241398 0.9973814 -0.07213034 -9.70459 -0.8883247 -0.02847814 -0.4583319 68.32845
19.39323 -0.4745463 0.06377536 0.8779172 138.8096 0.00407937 0.9975204 -0.07025878 -9.795509 -0.8802211 -0.02975969 -0.4736297 67.75361
19.49684 -0.4907005 0.05958726 0.8692885 139.8723 0.0009702285 0.9976956 -0.06784154 -9.888913 -0.8713278 -0.03244647 -0.4896275 67.16223
19.60058 -0.5068055 0.05910555 0.8600319 140.9268 0.0003201704 0.9976596 -0.06837534 -9.978781 -0.8620604 -0.03437764 -0.5056382 66.54673
19.7042 -0.5227946 0.0586214 0.8504407 141.9671 -0.0009632887 0.9975914 -0.06935677 -10.06744 -0.8524581 -0.03707856 -0.5214789 65.91185
19.80783 -0.5386551 0.05748528 0.840563 143.0034 -0.001762478 0.9975906 -0.0693537 -10.15971 -0.8425245 -0.03883919 -0.5372558 65.25392
19.91155 -0.5543975 0.05665967 0.8303211 144.0312 -0.003289861 0.9975229 -0.07026585 -10.2544 -0.8322455 -0.04168685 -0.5528378 64.57481
20.01516 -0.5699025 0.05633664 0.8197789 145.0446 -0.003767636 0.9974573 -0.07116625 -10.34928 -0.8217037 -0.04364645 -0.5682411 63.87549
20.11891 -0.585207 0.05380572 0.8090969 146.0542 -0.004333161 0.9975743 -0.06947377 -10.44366 -0.8108724 -0.04416248 -0.5835543 63.15165
20.22252 -0.6003517 0.04984753 0.7981811 147.0512 -0.004691967 0.9978189 -0.06584427 -10.53685 -0.7997223 -0.04327475 -0.5988083 62.40627
20.32614 -0.615177 0.04798841 0.7869272 148.0355 -0.003861206 0.9979504 -0.06387552 -10.62705 -0.7883796 -0.04233323 -0.6137308 61.64068
20.4299 -0.6300491 0.04677825 0.7751451 149.012 -0.004430473 0.9979512 -0.06382526 -10.71697 -0.7765426 -0.0436473 -0.628551 60.85284
20.53351 -0.644853 0.04765821 0.7628194 149.9695 -0.00593236 0.9977119 -0.06734842 -10.80867 -0.7642836 -0.04795514 -0.6430947 60.0493
20.6371 -0.6601554 0.04807287 0.7495892 150.9179 -0.007959097 0.9974461 -0.07097801 -10.9007 -0.7510869 -0.05282256 -0.6580868 59.22635
20.74072 -0.6759769 0.04389162 0.7356145 151.857 -0.01026709 0.9975668 -0.06895616 -10.99532 -0.7368512 -0.05416538 -0.6738815 58.37761
20.8444 -0.6920178 0.03666505 0.7209487 152.7818 -0.01387299 0.9978494 -0.06406359 -11.08992 -0.7217471 -0.05433486 -0.6900208 57.50416
20.94799 -0.7087861 0.03354619 0.7046254 153.6878 -0.0155452 0.9978833 -0.06314479 -11.18205 -0.7052521 -0.05570968 -0.7067643 56.60812
21.0517 -0.726168 0.03174083 0.6867843 154.5733 -0.01701688 0.9977979 -0.06410755 -11.26982 -0.6873067 -0.05823976 -0.7240287 55.68878
21.15531 -0.7436033 0.02726223 0.6680651 155.4368 -0.02066737 0.9977537 -0.06372032 -11.36018 -0.6683016 -0.06118978 -0.7413695 54.74664
21.25905 -0.7603254 0.02534661 0.6490477 156.2981 -0.02095143 0.9977614 -0.0635081 -11.44851 -0.6492044 -0.06188529 -0.7580922 53.77203
21.36266 -0.7763938 0.02696189 0.6296712 157.1378 -0.01901017 0.9976281 -0.06615727 -11.53501 -0.6299614 -0.06333424 -0.7740396 52.77454
21.46628 -0.7916322 0.02782679 0.610364 157.9474 -0.01540224 0.997736 -0.06546375 -11.62413 -0.6108037 -0.06122417 -0.7894114 51.75294
21.57009 -0.8061937 0.02802466 0.5909876 158.7557 -0.01178252 0.997919 -0.06339446 -11.72195 -0.5915343 -0.05807153 -0.8041857 50.72638
21.67383 -0.8205562 0.02934926 0.5708119 159.5353 -0.010204 0.9977694 -0.06597051 -11.82015 -0.5714748 -0.05995707 -0.8184263 49.68737
21.7775 -0.8343732 0.0307332 0.5503426 160.2798 -0.00966692 0.9974749 -0.07035876 -11.91873 -0.5511152 -0.06402557 -0.8319691 48.63458
21.88124 -0.8473601 0.03138936 0.5300903 161.0032 -0.00751204 0.9974429 -0.07107187 -12.02126 -0.5309656 -0.06420551 -0.8449574 47.56063
21.98489 -0.859153 0.02947331 0.5108694 161.6863 -0.005867495 0.9977069 -0.06742782 -12.122 -0.5116852 -0.06092832 -0.8570098 46.46556
22.08847 -0.8696587 0.03033618 0.4927205 162.349 -0.004478865 0.997584 -0.06932527 -12.23005 -0.4936332 -0.06249614 -0.8674217 45.35334
22.19209 -0.8791217 0.03444202 0.4753513 162.973 -0.0004303311 0.9973276 -0.07305819 -12.33141 -0.4765972 -0.06443159 -0.8767574 44.22905
22.29571 -0.8880977 0.03251626 0.4585033 163.5887 -0.001746026 0.9972489 -0.07410516 -12.44119 -0.4596515 -0.06661317 -0.8855976 43.09552
22.39937 -0.8963481 0.02945246 0.4423716 164.1798 -0.00388657 0.9972306 -0.07426928 -12.55286 -0.4433339 -0.06829043 -0.8937513 41.94672
22.50301 -0.9036836 0.02714888 0.4273395 164.7509 -0.004750838 0.9972909 -0.07340441 -12.66162 -0.4281746 -0.06836456 -0.9011064 40.78883
22.60669 -0.9102455 0.02600678 0.4132515 165.2989 -0.004902027 0.9972789 -0.07355827 -12.77147 -0.41404 -0.06898184 -0.9076411 39.6217
22.71018 -0.9164022 0.02343048 0.3995724 165.8309 -0.006282311 0.9973202 -0.07288999 -12.87876 -0.4002094 -0.06930677 -0.9137991 38.44779
22.81379 -0.9220764 0.01853237 0.3865639 166.3487 -0.008920852 0.9975696 -0.06910382 -12.98468 -0.386905 -0.06716747 -0.91967 37.26247
22.91742 -0.9272038 0.01438065 0.3742813 166.8523 -0.01080005 0.9978207 -0.0650932 -13.08684 -0.3744017 -0.0643969 -0.9250277 36.0661
23.02116 -0.93153 0.01506714 0.3633523 167.3354 -0.008349529 0.9979918 -0.06278956 -13.18536 -0.3635687 -0.06152416 -0.9295335 34.86197
23.12464 -0.9347864 0.01886181 0.3547094 167.7973 -0.004031579 0.9979615 -0.06369168 -13.27958 -0.3551876 -0.06096814 -0.9328047 33.65811
23.22826 -0.9370317 0.02457554 0.3483787 168.2484 0.001714583 0.9978328 -0.06577806 -13.37387 -0.3492402 -0.06103879 -0.935043 32.44993
23.33186 -0.9387719 0.0288741 0.3433274 168.6912 0.005720562 0.9976511 -0.06826133 -13.47182 -0.3444919 -0.06211778 -0.9367319 31.24282
23.4355 -0.9406262 0.02649369 0.3384089 169.1379 0.003739559 0.9976977 -0.06771447 -13.57156 -0.3394238 -0.06242849 -0.9385596 30.02817
23.53909 -0.942524 0.01898839 0.3335987 169.5751 -0.00238283 0.9979766 -0.06353697 -13.67179 -0.3341302 -0.06068001 -0.9405716 28.81254
23.64273 -0.9443599 0.01275283 0.3286667 169.9695 -0.007661388 0.998124 -0.06074246 -13.77138 -0.3288247 -0.05988078 -0.9424906 27.58224
23.74645 -0.9460336 0.006644945 0.3240005 170.3619 -0.01457739 0.9979051 -0.06302993 -13.86787 -0.3237406 -0.0643515 -0.9439549 26.35507
23.85006 -0.9473135 0.004236096 0.3202801 170.7494 -0.01761706 0.9977099 -0.0653031 -13.96352 -0.3198232 -0.06750488 -0.9450694 25.13071
23.9537 -0.9481384 0.004640768 0.3178242 171.1273 -0.01792368 0.9975218 -0.06803574 -14.06469 -0.3173523 -0.07020386 -0.9457055 23.90019
24.0573 -0.948455 0.004732105 0.3168766 171.513 -0.01828631 0.9974054 -0.0696283 -14.1674 -0.3163839 -0.0718338 -0.9459075 22.67273
24.16091 -0.9483731 0.007781758 0.3170613 171.8911 -0.01555184 0.9973553 -0.07099613 -14.27268 -0.3167753 -0.0722617 -0.9457439 21.44258
24.26453 -0.9480194 0.009724102 0.3180641 172.2632 -0.01434561 0.9972107 -0.07324593 -14.38257 -0.3178892 -0.07400137 -0.9452355 20.22133
24.36814 -0.9476428 0.009822768 0.3191812 172.6177 -0.01491672 0.997074 -0.07497235 -14.49077 -0.3189837 -0.07580813 -0.9447235 19.01008
24.47176 -0.9470945 0.01100027 0.3207663 172.9947 -0.01363043 0.9971323 -0.07444064 -14.59753 -0.3206653 -0.07487449 -0.9442285 17.7991
24.57538 -0.946245 0.01157848 0.3232437 173.377 -0.01320085 0.997144 -0.07436078 -14.70734 -0.3231815 -0.07463059 -0.9433896 16.59909
24.67899 -0.9449736 0.01047688 0.326979 173.783 -0.01487282 0.9970778 -0.07493049 -14.81889 -0.3268086 -0.07567042 -0.9420563 15.40117
24.78262 -0.9434098 0.009139435 0.3315033 174.1985 -0.01580782 0.9972445 -0.07248046 -14.92971 -0.3312523 -0.07361911 -0.9406657 14.20288
24.88623 -0.941376 0.006548169 0.3372957 174.627 -0.01775362 0.9974646 -0.06891405 -15.03629 -0.3368917 -0.07086224 -0.9388729 13.00435
24.98985 -0.9389337 0.004898762 0.3440633 175.0609 -0.01926985 0.9975809 -0.06679015 -15.13842 -0.3435581 -0.06934156 -0.9365679 11.81186
25.09357 -0.9361848 0.006838381 0.3514418 175.4926 -0.01729108 0.9977044 -0.06547411 -15.23869 -0.3510828 -0.06737266 -0.9339174 10.62387
25.19719 -0.9329017 0.007633253 0.3600503 175.9425 -0.01748685 0.9976359 -0.0664594 -15.33995 -0.3597064 -0.06829622 -0.9305626 9.442182
25.30082 -0.9292045 0.009590084 0.3694415 176.3996 -0.01636866 0.9976142 -0.06706623 -15.44296 -0.3692033 -0.06836549 -0.9268306 8.270144
25.40442 -0.9249782 0.0124372 0.3798168 176.8674 -0.01433284 0.9976114 -0.06757225 -15.54426 -0.3797499 -0.06794669 -0.9225904 7.090384
25.50805 -0.9200882 0.01406705 0.3914586 177.3568 -0.01378514 0.9975731 -0.0682485 -15.64895 -0.3914686 -0.06819094 -0.9176613 5.917093
25.61167 -0.9144018 0.01656591 0.4044688 177.8608 -0.01283812 0.9974729 -0.06987748 -15.74904 -0.4046042 -0.0690887 -0.9118783 4.751502
25.7154 -0.9082935 0.01851377 0.4179237 178.3814 -0.01149285 0.9975388 -0.06916836 -15.85596 -0.4181756 -0.0676283 -0.9058451 3.587553
25.81908 -0.9020526 0.01808352 0.4312473 178.9288 -0.01198908 0.9976867 -0.06691399 -15.95971 -0.4314597 -0.06553018 -0.899749 2.434985
25.92279 -0.8954347 0.0202572 0.4447319 179.4976 -0.01042715 0.9977359 -0.06644043 -16.05749 -0.4450709 -0.06413034 -0.893196 1.286303
26.02649 -0.8885482 0.02304306 0.4582043 180.0782 -0.008184333 0.9977828 -0.06604949 -16.15417 -0.4587103 -0.06243824 -0.8863894 0.1518369
26.13016 -0.881182 0.02466797 0.4721333 180.6758 -0.006112156 0.99796 -0.06354897 -16.25068 -0.4727377 -0.05888395 -0.8792336 -0.9718759
26.23385 -0.8734527 0.02634193 0.486196 181.2884 -0.00347442 0.9981729 -0.0603225 -16.34719 -0.4868966 -0.05437809 -0.8717652 -2.083451
26.3375 -0.865266 0.02933019 0.5004544 181.9124 4.676872e-05 0.9982917 -0.05842616 -16.44108 -0.5013131 -0.05053075 -0.8637892 -3.175742
26.44118 -0.8561114 0.03255949 0.5157647 182.5544 0.003561865 0.9983614 -0.05711286 -16.53684 -0.5167791 -0.04705788 -0.8548244 -4.252484
26.54482 -0.8457804 0.03547323 0.5323507 183.206 0.006694286 0.9984143 -0.05589378 -16.62889 -0.5334893 -0.04371014 -0.8446766 -5.31267
26.64853 -0.8347783 0.03853858 0.5492358 183.8767 0.01002387 0.9984457 -0.05482341 -16.71309 -0.550495 -0.04025992 -0.8338671 -6.356535
26.75206 -0.8235014 0.04043438 0.5658715 184.5607 0.01185435 0.9984655 -0.05409403 -16.78878 -0.5671904 -0.03783846 -0.8227169 -7.384682
26.85581 -0.8116733 0.04254831 0.58256 185.2717 0.01357688 0.9984482 -0.05400698 -16.85989 -0.5839538 -0.03592667 -0.8109914 -8.397022
26.9594 -0.7989402 0.04453744 0.5997592 186.0033 0.01539242 0.9984417 -0.05363892 -16.93795 -0.6012135 -0.03362254 -0.7983807 -9.39093
27.06308 -0.7851375 0.04563178 0.6176382 186.7509 0.017262 0.9985068 -0.05182745 -17.01685 -0.6190809 -0.03002999 -0.7847528 -10.36879
27.16666 -0.7698594 0.04679091 0.6364961 187.524 0.01954956 0.9985697 -0.04976242 -17.09398 -0.6379141 -0.02586684 -0.7696729 -11.32239
27.27035 -0.753157 0.04964898 0.6559647 188.3161 0.02159436 0.9984764 -0.05077926 -17.17484 -0.6574863 -0.02407961 -0.7530815 -12.24512
27.37399 -0.7357859 0.05257551 0.6751704 189.1165 0.0227998 0.9983398 -0.05289401 -17.25841 -0.6768303 -0.02352492 -0.735763 -13.13563
27.47773 -0.7179204 0.05335086 0.6940779 189.9427 0.02251928 0.9983169 -0.05344362 -17.34401 -0.6957609 -0.02273813 -0.7179134 -14.00312
27.58157 -0.6988036 0.05334505 0.7133217 190.7892 0.02243061 0.9983591 -0.05268723 -17.42978 -0.7149618 -0.02081778 -0.6988534 -14.84446
27.68531 -0.6788333 0.0527076 0.7323983 191.6657 0.02088409 0.9984028 -0.05249414 -17.5155 -0.7339954 -0.0203393 -0.6788498 -15.65688
27.78906 -0.6583472 0.0528358 0.7508578 192.5591 0.01914929 0.9983861 -0.05346373 -17.60506 -0.7524708 -0.0208193 -0.6582964 -16.43657
27.89284 -0.6375578 0.05240607 0.7686181 193.4648 0.01687597 0.9983943 -0.05407435 -17.68808 -0.7702177 -0.02150434 -0.6374184 -17.19672
27.99666 -0.6161963 0.05218652 0.7858618 194.3859 0.01587175 0.9984225 -0.05385692 -17.76122 -0.7874326 -0.02071344 -0.6160525 -17.93122
28.1003 -0.5936213 0.05189981 0.8030692 195.3232 0.0161756 0.9984861 -0.05257214 -17.83289 -0.8045819 -0.01821781 -0.5935621 -18.64428
28.20406 -0.5694423 0.05213294 0.8203766 196.2565 0.016031 0.9985014 -0.05232487 -17.90335 -0.821875 -0.01664453 -0.5694246 -19.32892
28.30778 -0.5440034 0.05521021 0.8372647 197.2261 0.01809848 0.9983728 -0.0540746 -17.9762 -0.8388878 -0.01426354 -0.5441174 -19.9808
28.41162 -0.5171328 0.05632981 0.8540496 198.2141 0.01860245 0.9983359 -0.05458249 -18.04905 -0.855703 -0.01233898 -0.5173201 -20.60575
28.51536 -0.4899252 0.05488205 0.8700352 199.2336 0.01716191 0.9984301 -0.05331722 -18.12215 -0.8715955 -0.01118999 -0.4900979 -21.1904
28.6191 -0.4618397 0.05266267 0.8853987 200.2718 0.01614475 0.9985695 -0.05097259 -18.19392 -0.8868165 -0.009246622 -0.4620292 -21.74303
28.72284 -0.432249 0.05332423 0.9001763 201.3106 0.01663332 0.9985517 -0.05116472 -18.27035 -0.9016008 -0.00714298 -0.4325099 -22.26336
28.82659 -0.4011809 0.05580592 0.9142974 202.3713 0.0172558 0.9984257 -0.05336927 -18.33982 -0.9158363 -0.005633802 -0.4015123 -22.74978
28.93033 -0.3691348 0.05748137 0.9275966 203.4483 0.01897112 0.9983435 -0.05431593 -18.40364 -0.9291822 -0.002452357 -0.3696138 -23.20318
29.03407 -0.3369369 0.05817495 0.9397283 204.5291 0.02099576 0.9983053 -0.05427327 -18.47329 -0.9412931 0.001443641 -0.3375873 -23.61922
29.13781 -0.3041173 0.0574624 0.9509 205.6382 0.02099531 0.9983409 -0.05361451 -18.54755 -0.9524032 0.003659334 -0.3048191 -23.99109
29.24155 -0.2704016 0.05656836 0.9610843 206.7589 0.02278022 0.9983687 -0.05235367 -18.62449 -0.962478 0.007737187 -0.2712492 -24.32519
29.34531 -0.2361937 0.0542364 0.9701912 207.9046 0.02253868 0.9984782 -0.05033068 -18.70354 -0.9714445 0.009979034 -0.2370567 -24.61443
29.44916 -0.2011242 0.05287146 0.9781379 209.0532 0.02351278 0.9985152 -0.04913824 -18.78448 -0.9792835 0.01311585 -0.2020688 -24.86248
29.55289 -0.1657778 0.05206309 0.9847879 210.1843 0.02445446 0.9985154 -0.0486722 -18.8643 -0.9858598 0.01601368 -0.1668048 -25.06817
29.65676 -0.1300221 0.05177117 0.9901586 211.3358 0.02493802 0.9984907 -0.04893211 -18.94167 -0.9911974 0.01833034 -0.1311169 -25.22909
29.76051 -0.09416868 0.05145834 0.9942255 212.4889 0.0257005 0.9984561 -0.04924308 -19.02022 -0.9952244 0.02091493 -0.09534579 -25.34952
29.86424 -0.05873709 0.05163443 0.9969373 213.6307 0.02461228 0.9984327 -0.0502618 -19.10093 -0.99797 0.02158465 -0.05991587 -25.42449
29.96802 -0.02407939 0.05144077 0.9983857 214.7979 0.02395692 0.9984182 -0.05086466 -19.17493 -0.9994229 0.02269345 -0.02527366 -25.46063
30.07185 0.009577161 0.05025395 0.9986906 215.9576 0.02292501 0.9984628 -0.05046234 -19.24675 -0.9996913 0.02337826 0.008410367 -25.45508
30.1755 0.04275877 0.05033924 0.9978165 217.117 0.02152922 0.9984515 -0.05129387 -19.32543 -0.9988534 0.02367547 0.04160879 -25.40746
30.27923 0.07585907 0.05033438 0.9958473 218.2711 0.02232151 0.9983891 -0.05216321 -19.40655 -0.9968686 0.02618586 0.07461332 -25.31946
