0 1 -1.822835e-10 5.241111e-10 -5.551115e-17 -1.822835e-10 0.9999999 -5.072855e-10 -3.330669e-16 5.241111e-10 -5.072855e-10 0.9999999 2.220446e-16
0.1033914 0.9999986 0.0007122128 0.001533514 -0.01101102 -0.000705572 0.9999903 -0.004327036 -0.01712164 -0.00153658 0.004325946 0.9999894 0.961713
0.2071056 0.9999968 -0.001383964 0.002129266 -0.01699529 0.00139507 0.9999853 -0.005223267 -0.03304158 -0.002122006 0.005226219 0.999984 1.924885
0.3102615 0.9999935 -0.002875213 0.002196984 -0.03106702 0.002877221 0.9999954 -0.0009111935 -0.06341853 -0.002194353 0.0009175076 0.9999971 2.888054
0.4136209 0.9999894 -0.004378258 0.001426928 -0.04462738 0.004370282 0.999975 0.005546374 -0.09503621 -0.001451175 -0.005540079 0.9999835 3.848312
0.5179293 0.9999613 -0.008800744 4.930361e-05 -0.05337242 0.008800421 0.9999503 0.004659577 -0.1222173 -9.030788e-05 -0.004658963 0.9999891 4.806551
0.6203887 0.9999329 -0.01154122 -0.0009928825 -0.06458549 0.01154281 0.999932 0.001608232 -0.1448705 0.0009742552 -0.001619585 0.9999981 5.738958
0.7242193 0.9999251 -0.01210851 -0.001791951 -0.07542792 0.0121059 0.9999256 -0.001463266 -0.1535673 0.001809537 0.001441462 0.9999973 6.676395
0.8272107 0.9999307 -0.01148261 -0.002596193 -0.08936429 0.01147713 0.9999318 -0.002115606 -0.1678814 0.00262031 0.002085662 0.9999943 7.606157
0.930557 0.9999351 -0.01082459 -0.003547008 -0.1013034 0.01082533 0.9999413 0.0001915052 -0.1791661 0.003544728 -0.0002298913 0.9999936 8.535486
1.03407 0.9999332 -0.01074628 -0.004252912 -0.1141317 0.01075959 0.9999372 0.003119014 -0.1865848 0.004219129 -0.003164566 0.999986 9.465868
1.137438 0.9999267 -0.01090491 -0.005254531 -0.1275574 0.01092822 0.9999304 0.004428359 -0.1916301 0.005205877 -0.004485457 0.9999763 10.38892
1.244258 0.9999051 -0.01246298 -0.005868031 -0.1421945 0.01249287 0.999909 0.005084305 -0.1997185 0.005804133 -0.005157132 0.9999698 11.33952
1.344229 0.9998969 -0.01263069 -0.006826217 -0.1548813 0.01266478 0.9999074 0.004973288 -0.2155601 0.006762771 -0.005059228 0.9999643 12.22345
1.447568 0.999889 -0.01287236 -0.007500847 -0.1693123 0.01289812 0.999911 0.003394724 -0.2354858 0.007456483 -0.003491094 0.999966 13.13325
1.551083 0.9998699 -0.01336574 -0.009034486 -0.1849063 0.01337692 0.9999098 0.001177817 -0.2602522 0.009017931 -0.001298518 0.9999584 14.04136
1.654521 0.9998368 -0.01468699 -0.01051998 -0.1992846 0.01468671 0.9998921 -0.000103411 -0.2760574 0.01052037 -5.111081e-05 0.9999446 14.94552
1.757843 0.9998231 -0.01432671 -0.01218625 -0.2169483 0.01431971 0.9998972 -0.0006616172 -0.2851106 0.01219448 0.0004869955 0.9999255 15.84627
1.861353 0.999822 -0.01304143 -0.01363681 -0.236713 0.01302122 0.9999139 -0.001569338 -0.293361 0.01365611 0.001391489 0.9999057 16.74309
1.964724 0.9998148 -0.01159649 -0.01536125 -0.2548521 0.01157275 0.9999316 -0.001633665 -0.2982439 0.01537915 0.001455589 0.9998806 17.63484
2.068236 0.9997832 -0.01213664 -0.01691845 -0.2730779 0.01212689 0.9999262 -0.0006787551 -0.3044055 0.01692545 0.0004734386 0.9998566 18.52684
2.17162 0.9997674 -0.01148423 -0.01825599 -0.2937433 0.01149904 0.9999336 0.0007061475 -0.3138402 0.01824668 -0.0009159104 0.999833 19.41419
2.275131 0.9997407 -0.01132286 -0.01975877 -0.3146034 0.01134559 0.999935 0.001038627 -0.3236882 0.01974573 -0.001262534 0.9998042 20.29478
2.378626 0.9996913 -0.01246784 -0.02149326 -0.3335669 0.01249154 0.9999214 0.0009685078 -0.3220398 0.0214795 -0.001236693 0.9997685 21.1689
2.48201 0.9996529 -0.0126878 -0.02308809 -0.3517749 0.01269885 0.9999192 0.0003318073 -0.3205089 0.02308202 -0.0006248852 0.9997333 22.03793
2.585514 0.9996297 -0.01261378 -0.02411198 -0.372549 0.0126365 0.9999198 0.000789913 -0.3172185 0.02410009 -0.001094312 0.9997089 22.90089
2.689023 0.9996068 -0.01236724 -0.02516463 -0.3933684 0.01244026 0.9999188 0.002747129 -0.3159266 0.02512862 -0.003059103 0.9996795 23.75773
2.793694 0.9995692 -0.01363816 -0.0259884 -0.4121035 0.01378817 0.9998892 0.005601313 -0.3140241 0.02590913 -0.005957232 0.9996465 24.61543
2.896139 0.999556 -0.0132767 -0.02667519 -0.4280328 0.01346665 0.9998851 0.006953738 -0.3057383 0.0265798 -0.007309876 0.9996199 25.44218
2.999556 0.9995413 -0.01282492 -0.02743674 -0.4474023 0.01298763 0.999899 0.005760451 -0.2988492 0.02736009 -0.006114147 0.9996069 26.26621
3.103545 0.9995372 -0.01142993 -0.02819322 -0.4690774 0.01151922 0.9999291 0.003006464 -0.293049 0.02815686 -0.003329837 0.9995979 27.08037
3.206573 0.9995206 -0.01092301 -0.02896974 -0.491623 0.01096822 0.9999388 0.00140195 -0.2934051 0.02895266 -0.001719025 0.9995792 27.87697
3.310078 0.9995005 -0.01020425 -0.02990979 -0.5147234 0.0102369 0.9999471 0.0009386493 -0.2982767 0.02989864 -0.001244365 0.9995521 28.66957
3.413963 0.9994551 -0.01042435 -0.03131936 -0.5377287 0.01044602 0.9999452 0.0005283531 -0.3030386 0.03131214 -0.0008552288 0.9995092 29.45471
3.517076 0.999398 -0.01012 -0.03318482 -0.5610502 0.01012245 0.9999487 -9.415537e-05 -0.3024561 0.03318408 -0.000241814 0.9994492 30.22665
3.620721 0.9993348 -0.01013992 -0.03503166 -0.5837097 0.01012933 0.9999485 -0.000479993 -0.2893166 0.03503473 0.0001248256 0.999386 30.99325
3.724674 0.9992572 -0.01045439 -0.0370905 -0.6098827 0.01048559 0.9999447 0.0006466132 -0.284946 0.03708169 -0.001035049 0.9993116 31.75331
3.827725 0.9991826 -0.01044167 -0.03905299 -0.6373473 0.01057814 0.9999386 0.003289435 -0.2859582 0.03901625 -0.003699855 0.9992317 32.49745
3.931241 0.9991166 -0.009676451 -0.04089457 -0.669497 0.009870613 0.9999409 0.004548579 -0.2913155 0.04084814 -0.004948216 0.999153 33.2349
4.034871 0.9990483 -0.008212274 -0.04283877 -0.7070281 0.008425612 0.9999529 0.00480179 -0.2980989 0.04279733 -0.005158163 0.9990704 33.96228
4.142151 0.9989871 -0.005570437 -0.04465125 -0.7475972 0.005752148 0.9999756 0.003942093 -0.3011809 0.04462821 -0.004194941 0.9989948 34.70353
4.243437 0.9989142 -0.004076822 -0.04640854 -0.7861231 0.004225973 0.9999861 0.003116198 -0.3012987 0.04639521 -0.003308936 0.9989176 35.39317
4.345966 0.9988447 -0.003602322 -0.04792024 -0.8225011 0.003824192 0.9999823 0.004539097 -0.2935002 0.04790305 -0.004717109 0.9988408 36.08573
4.449183 0.9987977 -0.00242192 -0.04896157 -0.8579745 0.002724895 0.9999775 0.006122217 -0.2845601 0.04894565 -0.006248272 0.9987818 36.77338
4.552519 0.9988038 0.0006059604 -0.04889413 -0.8979841 -0.0002707568 0.9999763 0.006862041 -0.2829222 0.04889714 -0.006840594 0.9987803 37.44921
4.656235 0.9988488 0.003748494 -0.0478237 -0.9356939 -0.003523552 0.9999823 0.00478703 -0.2753503 0.04784081 -0.00461301 0.9988443 38.11124
4.760815 0.9989248 0.005352123 -0.04605101 -0.966244 -0.005291339 0.9999849 0.001441747 -0.2643952 0.04605804 -0.001196526 0.998938 38.76355
4.863788 0.9990194 0.00571281 -0.0439041 -0.9940685 -0.005743068 0.9999833 -0.0005630376 -0.2590333 0.04390016 0.0008146287 0.9990355 39.40063
4.966824 0.9991414 0.006928143 -0.04084787 -1.022967 -0.006919997 0.9999759 0.0003408663 -0.2546909 0.04084925 -5.790746e-05 0.9991653 40.03748
5.073257 0.9992324 0.01197639 -0.03729938 -1.054571 -0.01185276 0.9999234 0.003533972 -0.2561416 0.03733886 -0.003089159 0.9992978 40.68683
5.174268 0.9993048 0.01641604 -0.03347332 -1.082779 -0.01618094 0.9998425 0.007282552 -0.2559993 0.0335876 -0.006735859 0.999413 41.29211
5.277498 0.9993476 0.02131604 -0.02915361 -1.107347 -0.02108763 0.9997446 0.008120116 -0.2542439 0.02931926 -0.007500038 0.9995419 41.89089
5.381142 0.9994044 0.02501999 -0.02376615 -1.127463 -0.02483055 0.9996577 0.008233076 -0.2504927 0.02396401 -0.007638046 0.9996836 42.47569
5.484644 0.9994265 0.02870924 -0.01795791 -1.143225 -0.02852866 0.9995405 0.01023293 -0.2472759 0.01824345 -0.009714743 0.9997863 43.04425
5.588095 0.9993683 0.03372431 -0.01120755 -1.156523 -0.03359318 0.9993671 0.01169024 -0.2461265 0.0115947 -0.01130636 0.9998688 43.59239
5.691619 0.9993066 0.03700958 -0.004072654 -1.163695 -0.03696271 0.9992556 0.01103952 -0.2463307 0.004478192 -0.01088133 0.9999307 44.11947
5.795223 0.9991739 0.04050788 0.003260896 -1.165311 -0.04054268 0.9991124 0.01142537 -0.2460311 -0.002795184 -0.01154814 0.9999293 44.62705
5.898736 0.9989309 0.04494697 0.01081107 -1.165281 -0.04506496 0.9989242 0.01092935 -0.2401569 -0.0103082 -0.01140486 0.9998818 45.11047
6.002373 0.998611 0.04932216 0.01853237 -1.162119 -0.0494762 0.9987436 0.007946644 -0.2348502 -0.01811714 -0.008852517 0.9997966 45.57447
6.10587 0.9983445 0.05105621 0.02648756 -1.153911 -0.0511957 0.9986779 0.004614266 -0.2368661 -0.02621696 -0.005962677 0.9996384 46.01395
6.209506 0.9980778 0.05151562 0.03445099 -1.139704 -0.05171685 0.9986493 0.004974724 -0.2380301 -0.03414819 -0.006746859 0.9993939 46.43562
6.313021 0.997805 0.0509969 0.04224351 -1.11911 -0.05130814 0.9986628 0.006315813 -0.2395256 -0.04186495 -0.008469386 0.9990873 46.83267
6.416516 0.9973383 0.05274012 0.05034723 -1.098158 -0.05316651 0.9985599 0.007166379 -0.2391747 -0.04989678 -0.009824091 0.998706 47.20456
6.524037 0.9966453 0.05618538 0.05950962 -1.077742 -0.05670529 0.9983658 0.007082538 -0.2387525 -0.05901444 -0.01043329 0.9982025 47.56732
6.623722 0.9958318 0.06082299 0.06796721 -1.059487 -0.06141123 0.9980907 0.006596949 -0.2404154 -0.06743621 -0.0107434 0.9976657 47.8784
6.727294 0.9949463 0.06439773 0.07703781 -1.036133 -0.06510727 0.9978555 0.006731622 -0.2443984 -0.07643911 -0.01171332 0.9970054 48.17664
6.830809 0.9942173 0.06384319 0.08634873 -1.006263 -0.06469375 0.9978799 0.007085063 -0.2532706 -0.08571335 -0.01263031 0.9962397 48.45088
6.934429 0.9932966 0.06279192 0.09705214 -0.9730963 -0.06358338 0.9979635 0.005080641 -0.2607772 -0.09653549 -0.01121749 0.9952663 48.71656
7.038067 0.9921379 0.06152264 0.1089836 -0.9369557 -0.06192852 0.9980805 0.000340155 -0.2675893 -0.1087535 -0.007086672 0.9940434 48.97559
7.141701 0.9905372 0.06248717 0.122194 -0.8977462 -0.06247046 0.9980388 -0.003971708 -0.2734425 -0.1222026 -0.003699392 0.9924982 49.23239
7.24533 0.9883707 0.06431657 0.1377925 -0.8567415 -0.06411 0.9979251 -0.005941497 -0.280568 -0.1378888 -0.002961478 0.9904432 49.48708
7.3533 0.9857258 0.0662868 0.1547602 -0.8084309 -0.06596478 0.9977957 -0.007220978 -0.2860922 -0.1548977 -0.003090816 0.9879256 49.7497
7.452592 0.9830186 0.06669167 0.1709583 -0.7577117 -0.06621707 0.9977691 -0.008483377 -0.2915714 -0.1711427 -0.002981041 0.9852417 49.98615
7.55658 0.9797322 0.0659541 0.1891427 -0.6971579 -0.06530127 0.9978185 -0.009688392 -0.2967619 -0.1893691 -0.002859233 0.9819017 50.23058
7.663357 0.9757277 0.06503198 0.2091083 -0.6296551 -0.06433369 0.9978768 -0.01014671 -0.3022908 -0.2093242 -0.003552285 0.9778398 50.47733
7.763356 0.9713025 0.06551318 0.2286472 -0.5626253 -0.06460929 0.9978449 -0.01144496 -0.3067843 -0.2289043 -0.003656217 0.973442 50.70727
7.866988 0.965914 0.06760924 0.2498781 -0.4889211 -0.06623732 0.9977069 -0.0139055 -0.3117062 -0.2502453 -0.003119744 0.9681774 50.9453
7.970621 0.9596674 0.06892286 0.2725584 -0.4074937 -0.0670706 0.9976179 -0.01611853 -0.3179085 -0.2730201 -0.002812227 0.9620042 51.18149
8.07425 0.9522731 0.0701836 0.2970693 -0.3172192 -0.06815286 0.9975265 -0.01720102 -0.3255041 -0.2975418 -0.003866058 0.9547009 51.4202
8.177962 0.9436113 0.07308946 0.3228865 -0.2212449 -0.07102643 0.9973086 -0.01818419 -0.3340796 -0.3233466 -0.005774668 0.9462629 51.6593
8.283921 0.9334129 0.07549648 0.3507715 -0.114714 -0.07333123 0.9971174 -0.01947297 -0.3439537 -0.3512306 -0.007546181 0.9362585 51.90075
8.385961 0.9222742 0.0761357 0.3789639 0.0002735872 -0.07373827 0.9970594 -0.02085934 -0.3544958 -0.3794378 -0.008706115 0.9251762 52.12982
8.488779 0.9095902 0.07427774 0.4088135 0.1309526 -0.07108895 0.9972044 -0.02301366 -0.3642721 -0.4093801 -0.008129124 0.9123277 52.35595
8.593446 0.8944222 0.07169632 0.4414392 0.2760316 -0.06712497 0.997406 -0.02598839 -0.3733939 -0.4421575 -0.006387003 0.8969146 52.58045
8.696029 0.8771443 0.07145361 0.4748814 0.4279778 -0.06473981 0.9974359 -0.0305008 -0.3824345 -0.4758432 -0.003990132 0.879521 52.80031
8.799662 0.8575413 0.07341493 0.5091494 0.5907911 -0.06409369 0.9972996 -0.03585139 -0.3919068 -0.5104066 -0.001889215 0.8599311 53.01901
8.903911 0.8354269 0.07568777 0.5443649 0.7701079 -0.06394528 0.997131 -0.04050415 -0.4025973 -0.5458689 -0.0009713071 0.83787 53.24411
9.008027 0.8104782 0.07887974 0.5804335 0.965237 -0.06518263 0.9968824 -0.04445771 -0.4147601 -0.5821309 -0.001802183 0.813093 53.4728
9.11058 0.783165 0.08302927 0.6162457 1.172293 -0.06828228 0.996535 -0.04748968 -0.4302534 -0.6180536 -0.004886408 0.7861208 53.69477
9.214197 0.7530585 0.08748648 0.6521111 1.401712 -0.07188324 0.9961272 -0.05062849 -0.4467404 -0.6540151 -0.008749646 0.7564309 53.9268
9.317832 0.7198925 0.08857767 0.6884102 1.658262 -0.0713417 0.9960132 -0.05355265 -0.4647131 -0.6904094 -0.01056021 0.7233418 54.15343
9.421456 0.6834437 0.08631703 0.724882 1.94608 -0.06813306 0.9961927 -0.05438583 -0.4776399 -0.7268168 -0.01221878 0.6867227 54.36895
9.525112 0.6444403 0.08503336 0.7599118 2.269729 -0.06511601 0.9962903 -0.05626252 -0.4777691 -0.761877 -0.01322459 0.6475867 54.58519
9.630085 0.6014973 0.08478487 0.7943629 2.612681 -0.06309072 0.9962879 -0.05856425 -0.4832195 -0.7963797 -0.01489068 0.6046137 54.78988
9.732384 0.5561716 0.08472528 0.8267374 2.973763 -0.059395 0.9962982 -0.06214531 -0.4792758 -0.8289424 -0.01454061 0.559145 54.98383
9.836009 0.50822 0.08368613 0.8571517 3.359263 -0.05674312 0.9963588 -0.06363336 -0.4860892 -0.859356 -0.01629772 0.511118 55.16957
9.939685 0.4595568 0.08166095 0.8843862 3.766145 -0.05479782 0.9964739 -0.06353594 -0.4913921 -0.8864563 -0.01926406 0.4624112 55.33541
10.0439 0.4095444 0.07979453 0.9087938 4.198361 -0.05480553 0.9965202 -0.06279926 -0.5166196 -0.9106425 -0.02408784 0.4124924 55.48396
10.14677 0.359734 0.07961125 0.9296523 4.641416 -0.05780824 0.9963408 -0.06295296 -0.5396177 -0.9312624 -0.03109524 0.3630199 55.61845
10.25036 0.3103427 0.08045242 0.9472142 5.103719 -0.05497858 0.9962635 -0.06660545 -0.5645924 -0.9490336 -0.03140597 0.3136062 55.72143
10.35367 0.2636126 0.07622494 0.9616122 5.585536 -0.04431946 0.9967773 -0.06686285 -0.5957735 -0.96361 -0.02499224 0.2661413 55.80227
10.45717 0.2200748 0.07093645 0.9729003 6.088519 -0.030599 0.9973636 -0.0657985 -0.6266796 -0.975003 -0.01528919 0.2216651 55.85617
10.56299 0.1770423 0.06939967 0.9817533 6.612372 -0.0218062 0.9975425 -0.06658344 -0.6532414 -0.9839617 -0.009620226 0.1781206 55.9028
10.66453 0.1394343 0.07225282 0.9875917 7.126377 -0.01775361 0.9973565 -0.07046066 -0.6821309 -0.9900722 -0.007708693 0.1403484 55.9379
10.76705 0.1074817 0.07204208 0.9915934 7.658631 -0.008852841 0.9974009 -0.07150444 -0.724289 -0.9941677 -0.001093003 0.1078401 55.95413
10.87022 0.07852152 0.07027376 0.9944324 8.20958 -0.002181921 0.997522 -0.07031982 -0.7737852 -0.9969101 0.003351844 0.07848028 55.97135
10.97342 0.05379933 0.06807411 0.9962286 8.774944 0.004677949 0.9976453 -0.06842356 -0.8137508 -0.9985408 0.008341445 0.05335421 55.97751
11.0772 0.0342525 0.0682969 0.9970768 9.351661 0.01011661 0.9975874 -0.06867942 -0.857379 -0.999362 0.01243947 0.03347893 55.98323
11.18019 0.01874635 0.07007914 0.9973652 9.933246 0.01331628 0.9974345 -0.07033431 -0.9020616 -0.9997356 0.0145997 0.01776507 55.98182
11.28415 0.005284248 0.06962217 0.9975594 10.53767 0.01391943 0.9974715 -0.06968979 -0.947374 -0.9998892 0.01425371 0.004301785 55.97984
11.3859 -0.006190262 0.07029766 0.9975068 11.13754 0.01431476 0.9974299 -0.07020342 -0.9965387 -0.9998784 0.01384449 -0.007180648 55.979
11.48898 -0.0147986 0.07371512 0.9971695 11.75501 0.01910705 0.9971174 -0.07342773 -1.055254 -0.999708 0.01796633 -0.01616442 55.96304
11.59255 -0.0212226 0.07564821 0.9969086 12.38276 0.02370387 0.996891 -0.07514227 -1.117194 -0.9994938 0.02203587 -0.02294978 55.92954
11.69527 -0.02590903 0.07474963 0.9968656 13.02027 0.02392123 0.9969612 -0.07413508 -1.167977 -0.9993781 0.02192548 -0.0276184 55.90304
11.79949 -0.02969905 0.07235375 0.9969367 13.67308 0.02153551 0.9971914 -0.0717307 -1.217524 -0.9993269 0.0193392 -0.03117381 55.8833
11.90171 -0.03224636 0.06482052 0.9973757 14.33357 0.01930001 0.997749 -0.0642208 -1.269538 -0.9992936 0.01717847 -0.03342481 55.85852
12.00482 -0.03357981 0.05896572 0.997695 15.01321 0.020692 0.998085 -0.05829234 -1.317429 -0.9992219 0.01868685 -0.03473562 55.82149
12.108 -0.03403686 0.05685168 0.9978022 15.69798 0.02332191 0.998154 -0.05607618 -1.366117 -0.9991485 0.02136199 -0.03529992 55.77901
12.21119 -0.03372396 0.05922088 0.997675 16.38718 0.02647752 0.9979454 -0.05834194 -1.417061 -0.9990804 0.02444843 -0.03522269 55.74074
12.3145 -0.03305902 0.06730529 0.9971845 17.08252 0.02770655 0.9974081 -0.06640186 -1.462354 -0.9990693 0.02543336 -0.03483813 55.70318
12.41765 -0.03087265 0.07512682 0.9966959 17.78472 0.0283233 0.9968365 -0.07426013 -1.502437 -0.999122 0.02593711 -0.03290283 55.6721
12.52105 -0.0286926 0.07658907 0.9966497 18.50468 0.02970433 0.9966852 -0.07573665 -1.545746 -0.9991469 0.02743173 -0.03087252 55.643
12.62455 -0.02666061 0.07158414 0.9970781 19.24155 0.02859289 0.9970792 -0.07081969 -1.593908 -0.9992356 0.02662124 -0.02862953 55.61503
12.72743 -0.02419601 0.06403547 0.9976542 19.97824 0.02815724 0.9975941 -0.06334873 -1.647724 -0.9993107 0.0265584 -0.02594085 55.59027
12.83073 -0.02154982 0.06329704 0.997762 20.71281 0.02585577 0.9976952 -0.06273439 -1.696725 -0.9994334 0.02444598 -0.02313674 55.56904
12.93413 -0.01813135 0.06898441 0.9974529 21.4385 0.0338974 0.9970858 -0.06834286 -1.741686 -0.9992609 0.0325719 -0.02041691 55.53688
13.03771 -0.01465585 0.07434465 0.9971248 22.16714 0.03594039 0.9966267 -0.07377927 -1.787932 -0.9992465 0.03475575 -0.01727839 55.51011
13.14165 -0.01252203 0.07473476 0.9971247 22.90332 0.02917558 0.9968057 -0.07434447 -1.839076 -0.9994959 0.02816074 -0.01466246 55.50537
13.24421 -0.009302733 0.07218496 0.9973478 23.63216 0.02558215 0.9970817 -0.07192709 -1.895775 -0.9996295 0.02484517 -0.01112223 55.50164
13.34803 -0.004586658 0.0665788 0.9977705 24.37331 0.02924907 0.9973631 -0.06641717 -1.955801 -0.9995617 0.02887922 -0.006521932 55.48454
13.45277 -0.001251911 0.06911428 0.9976079 25.11164 0.03420447 0.9970279 -0.06903119 -2.008471 -0.9994141 0.03403622 -0.003612208 55.46362
13.55488 0.00185953 0.07309744 0.997323 25.83505 0.03365647 0.9967551 -0.07311859 -2.059391 -0.9994318 0.03370233 -0.0006067061 55.46181
13.65796 0.005331076 0.0744607 0.9972096 26.56806 0.03017783 0.9967576 -0.0745883 -2.113697 -0.9995304 0.03049125 0.003066728 55.47262
13.76127 0.009153452 0.07318056 0.9972766 27.30492 0.02911682 0.996876 -0.07341842 -2.167614 -0.9995341 0.02970955 0.006994071 55.48963
13.86467 0.01307642 0.07048501 0.997427 28.04413 0.0335133 0.996921 -0.07088863 -2.226546 -0.9993528 0.03435404 0.01067398 55.49768
13.96817 0.01709323 0.07022556 0.9973846 28.77765 0.03809348 0.9967604 -0.07083447 -2.288673 -0.999128 0.03920463 0.01436272 55.51027
14.07164 0.02071775 0.07126874 0.9972419 29.51232 0.04090596 0.9965603 -0.07206987 -2.343893 -0.9989482 0.04228625 0.01773117 55.52232
14.17505 0.02346026 0.07155827 0.9971604 30.2463 0.04104867 0.9965248 -0.07247843 -2.395401 -0.9988817 0.04263246 0.02044136 55.5362
14.2786 0.02700453 0.07039721 0.9971534 30.98559 0.04270772 0.9965251 -0.07150946 -2.445222 -0.9987226 0.04451722 0.02390419 55.54859
14.38212 0.03070906 0.06867484 0.9971663 31.7263 0.04416618 0.9965691 -0.06999389 -2.496112 -0.9985521 0.04619046 0.0275706 55.56188
14.4855 0.03356629 0.06985875 0.9969919 32.46495 0.04308927 0.9965254 -0.07127678 -2.537443 -0.9985072 0.04535214 0.03043949 55.58466
14.58897 0.03662308 0.07125285 0.9967856 33.2074 0.04027483 0.9965392 -0.07271499 -2.578228 -0.9985173 0.04280842 0.03362664 55.61348
14.69245 0.03950202 0.07135192 0.9966686 33.95101 0.04213026 0.9964412 -0.07300545 -2.620601 -0.998331 0.04487376 0.03635537 55.63975
14.79597 0.04226827 0.07092015 0.996586 34.69841 0.03944885 0.9965811 -0.07259297 -2.667716 -0.9983272 0.04238254 0.03932604 55.67316
14.89949 0.04429263 0.07181466 0.996434 35.44252 0.0383712 0.9965546 -0.073529 -2.711893 -0.9982815 0.04149115 0.04138441 55.7093
15.00287 0.04741274 0.07133303 0.996325 36.19785 0.03453945 0.9967332 -0.07300592 -2.761384 -0.9982781 0.03787392 0.04479405 55.74855
15.1064 0.05077075 0.07342347 0.9960076 36.95093 0.03333449 0.9966135 -0.07516735 -2.812393 -0.9981539 0.0370177 0.04815128 55.78704
15.20987 0.05397584 0.07769258 0.9955151 37.70474 0.03235073 0.996309 -0.07950858 -2.867554 -0.9980181 0.03649717 0.0512632 55.8266
15.31336 0.05735005 0.0790802 0.9952171 38.46575 0.03198206 0.9962007 -0.08100135 -2.922992 -0.9978418 0.03647452 0.054603 55.86855
15.41675 0.06039293 0.08181733 0.9948158 39.23007 0.0262718 0.9961594 -0.08352275 -2.973413 -0.9978289 0.03117978 0.0580115 55.92107
15.52022 0.06297842 0.08056066 0.994758 40.0022 0.0222985 0.9963743 -0.08210329 -3.024315 -0.9977658 0.02735234 0.0609537 55.97631
15.62392 0.06664603 0.08105877 0.9944786 40.7783 0.02445742 0.9962624 -0.08284322 -3.080932 -0.9974769 0.02984355 0.06441445 56.02494
15.7272 0.0706943 0.08200656 0.9941213 41.5555 0.0238754 0.9961901 -0.08387508 -3.135919 -0.9972123 0.02966452 0.06846702 56.07788
15.83062 0.0741655 0.0830201 0.9937842 42.33951 0.0193653 0.9962209 -0.08466889 -3.188774 -0.9970579 0.02552443 0.0722775 56.1413
15.93425 0.07831116 0.0819287 0.9935567 43.13031 0.01900906 0.9963134 -0.08365431 -3.244326 -0.9967478 0.02543764 0.07646507 56.20333
16.03941 0.08332298 0.08026167 0.993285 43.93795 0.01886995 0.9964454 -0.08209998 -3.297181 -0.996344 0.02558405 0.08151226 56.26972
16.14091 0.08814603 0.08493966 0.9924794 44.71372 0.01544655 0.9961213 -0.08662324 -3.352539 -0.9959878 0.02296587 0.08649212 56.34391
16.2443 0.09421985 0.09422725 0.9910821 45.5044 0.01386091 0.99529 -0.09594507 -3.40258 -0.995455 0.02277722 0.09247 56.42297
16.34828 0.1017001 0.09855422 0.9899212 46.30756 0.01204009 0.9948858 -0.1002854 -3.461241 -0.9947423 0.02211777 0.09999338 56.5081
16.45345 0.1088845 0.1009468 0.9889154 47.12224 0.008008224 0.9947089 -0.10242 -3.525277 -0.9940222 0.0190714 0.1075 56.60533
16.55445 0.1158008 0.09873063 0.9883533 47.91411 0.004086353 0.9949918 -0.09987257 -3.592468 -0.9932641 0.01560408 0.1148174 56.70663
16.65802 0.1234522 0.09684397 0.9876136 48.72687 0.003804221 0.9951731 -0.09806079 -3.662244 -0.9923433 0.01586291 0.1224879 56.81192
16.7614 0.1306562 0.09388208 0.9869726 49.54068 0.003680756 0.9954536 -0.09517607 -3.727642 -0.9914209 0.01606814 0.1297166 56.92162
16.86471 0.1381181 0.08777174 0.9865188 50.35682 0.001418947 0.9960468 -0.08881813 -3.792894 -0.9904148 0.01366721 0.1374476 57.04097
16.96808 0.1452465 0.08101518 0.9860729 51.16788 -0.0007262737 0.9966503 -0.08177725 -3.850124 -0.9893953 0.01116169 0.1448188 57.16787
17.07343 0.1529056 0.07734363 0.9852095 51.98907 -0.001273776 0.9969472 -0.07806743 -3.91255 -0.98824 0.010682 0.1525373 57.29726
17.17558 0.1599738 0.08035847 0.9838449 52.77379 -0.001057041 0.9966942 -0.08123612 -3.968025 -0.9871207 0.01195568 0.1595299 57.4249
17.27948 0.1656985 0.08616732 0.9824047 53.56153 -0.0009232977 0.9961885 -0.08722059 -4.023164 -0.9861761 0.01354526 0.1651465 57.56033
17.38334 0.1708588 0.09069896 0.981112 54.34318 -0.001860034 0.995782 -0.09173122 -4.082523 -0.9852938 0.01384818 0.1703068 57.69851
17.48544 0.1755626 0.09300269 0.9800654 55.10439 -0.00399212 0.9955867 -0.09376047 -4.143701 -0.9844602 0.01254829 0.1751591 57.83752
17.58887 0.1809517 0.09250328 0.979132 55.87053 -0.005855985 0.9956505 -0.09298165 -4.204409 -0.9834746 0.01109141 0.1807064 57.9795
17.69388 0.1863508 0.08909315 0.9784353 56.64546 -0.002180078 0.9959149 -0.09026959 -4.26212 -0.9824809 0.01468874 0.1857838 58.12033
17.79578 0.1908189 0.0831548 0.9780968 57.38911 -0.001183557 0.9964242 -0.08448206 -4.318314 -0.9816246 0.01496313 0.190235 58.26251
17.89936 0.1938017 0.07570595 0.9781152 58.13668 -0.003606712 0.9970662 -0.07645814 -4.369152 -0.9810341 0.01128994 0.1935062 58.41357
18.00309 0.196901 0.07301812 0.9777005 58.87601 -0.006793476 0.9973004 -0.07311378 -4.420802 -0.9803999 0.007754189 0.1968655 58.56727
18.10634 0.2000843 0.07342233 0.9770237 59.59961 -0.008462431 0.9972804 -0.0732116 -4.467621 -0.9797422 0.006380489 0.2001614 58.71611
18.20979 0.2021928 0.07573447 0.9764129 60.31245 -0.01049868 0.9971157 -0.07516624 -4.516372 -0.9792895 0.004947024 0.2024047 58.86609
18.31337 0.2034632 0.07984969 0.975821 61.01319 -0.01476313 0.9968056 -0.07848865 -4.564529 -0.9789713 0.001563375 0.2039921 59.02108
18.41719 0.2054345 0.0843051 0.9750329 61.70436 -0.01627995 0.9964393 -0.0827259 -4.614787 -0.9785355 0.001121269 0.2060755 59.17238
18.52047 0.2074464 0.08946661 0.9741466 62.38199 -0.0168437 0.9959881 -0.08788567 -4.657586 -0.9781014 0.001823331 0.2081211 59.32091
18.62397 0.2090407 0.09129393 0.9736361 63.05593 -0.01639693 0.9958199 -0.0898536 -4.706379 -0.9777695 0.00281841 0.2096638 59.46843
18.72749 0.2101708 0.09099554 0.9734207 63.72231 -0.01864042 0.9958511 -0.0890677 -4.758759 -0.977487 0.0005744598 0.210995 59.61689
18.83095 0.210826 0.08823281 0.9735334 64.3816 -0.01866586 0.9960998 -0.08623582 -4.814707 -0.9773454 8.912483e-06 0.2116507 59.76019
18.93468 0.2112869 0.08541374 0.9736849 65.03281 -0.01865394 0.9963453 -0.08335373 -4.867829 -0.9772461 -0.0005515137 0.212108 59.90218
19.03803 0.2110651 0.08443186 0.9738186 65.67175 -0.01792305 0.9964292 -0.08250762 -4.913385 -0.9773077 -3.931829e-05 0.2118247 60.03522
19.14151 0.2095206 0.08372355 0.9742132 66.30099 -0.0178535 0.9964889 -0.08179825 -4.9654 -0.9776413 -0.0002547066 0.2102797 60.16765
19.2455 0.2077765 0.08441024 0.9745274 66.92208 -0.0191297 0.9964298 -0.08222878 -5.018319 -0.9779893 -0.001557212 0.2086494 60.29836
19.3518 0.205368 0.08784886 0.974734 67.54573 -0.02015721 0.9961316 -0.08553041 -5.076711 -0.9784773 -0.002082714 0.2063443 60.43224
19.45211 0.2031289 0.0913217 0.974884 68.12018 -0.01842777 0.9958213 -0.08944337 -5.130339 -0.9789786 0.0002035992 0.203963 60.55436
19.55775 0.2013967 0.09173994 0.9752041 68.72472 -0.01608471 0.9957798 -0.09035379 -5.182058 -0.9793777 0.002511083 0.2020224 60.67792
19.66007 0.1991932 0.09078018 0.9757463 69.30307 -0.01683966 0.99587 -0.08921471 -5.231855 -0.9798156 0.001339723 0.1998992 60.80309
19.76396 0.1965663 0.08799307 0.9765341 69.88288 -0.01711964 0.996121 -0.08631201 -5.285896 -0.9803411 0.0002481145 0.1973102 60.91928
19.86698 0.1945332 0.0835613 0.9773301 70.44995 -0.01685792 0.9965024 -0.08184504 -5.342758 -0.9807511 -0.0005541834 0.1952615 61.033
19.96985 0.1926949 0.08257239 0.9777782 71.00066 -0.01386283 0.9965827 -0.08142841 -5.393054 -0.9811608 0.002136068 0.1931811 61.14039
20.07335 0.1909839 0.08458246 0.9779421 71.54538 -0.009556653 0.9963935 -0.084312 -5.440828 -0.9815467 0.006756381 0.1911035 61.24382
20.17718 0.1886273 0.08635003 0.978245 72.08654 -0.005731549 0.9962065 -0.08683035 -5.485365 -0.9820321 0.01077171 0.1884067 61.34673
20.28031 0.1869668 0.08883578 0.9783412 72.62287 -0.006447483 0.9959922 -0.0892064 -5.532216 -0.9823451 0.0103708 0.1867903 61.45078
20.38385 0.1856976 0.09117689 0.9783675 73.15814 -0.006598439 0.9957788 -0.09154711 -5.583135 -0.9825848 0.01054438 0.1855154 61.55451
20.48764 0.1845375 0.08926813 0.978763 73.70114 -0.004887309 0.9959375 -0.0899131 -5.63017 -0.9828134 0.01180882 0.1842241 61.65701
20.59089 0.1853966 0.08748296 0.9787618 74.24267 0.001400607 0.9960047 -0.08928947 -5.676448 -0.9826628 0.01792482 0.1845333 61.7495
20.69425 0.1879927 0.08647239 0.9783563 74.78759 0.006455634 0.9959864 -0.0892711 -5.7208 -0.9821493 0.02309822 0.1866799 61.84178
20.79773 0.1900022 0.08543021 0.9780597 75.33524 0.008831326 0.9960179 -0.08871443 -5.768173 -0.981744 0.02549349 0.1884911 61.94475
20.90208 0.1934204 0.08506894 0.9774209 75.88674 0.005714224 0.9961193 -0.08782713 -5.817062 -0.9810994 0.02257276 0.1921837 62.05821
21.00461 0.1989535 0.08554309 0.9762683 76.43447 0.005154324 0.9960779 -0.08832928 -5.862448 -0.9799954 0.02260541 0.1977323 62.17121
21.1082 0.2058044 0.08467054 0.9749232 76.9926 0.006227646 0.9961163 -0.08782578 -5.912287 -0.9785734 0.0241464 0.2044778 62.29135
21.21357 0.2140796 0.08394021 0.9732029 77.56843 0.005760599 0.9961751 -0.0871888 -5.961148 -0.9767993 0.02427156 0.2127772 62.42394
21.3161 0.2221289 0.08323105 0.9714583 78.12868 0.005261109 0.996233 -0.08655665 -6.008758 -0.9750032 0.02433767 0.2208542 62.55305
21.41797 0.2310045 0.08248163 0.9694501 78.69259 0.001415855 0.9963705 -0.08510943 -6.059871 -0.9729517 0.02103326 0.2300493 62.69195
21.52429 0.2409914 0.08249252 0.967015 79.28502 -0.0001509138 0.9963842 -0.08496031 -6.107865 -0.9705273 0.02032877 0.2401325 62.8458
21.6248 0.2504059 0.08572786 0.9643378 79.85086 -0.004511346 0.9961643 -0.08738574 -6.150779 -0.9681305 0.01753144 0.2498322 63.00502
21.73033 0.2600305 0.08867053 0.9615204 80.4534 -0.008288988 0.995943 -0.08960332 -6.192815 -0.9655649 0.01532956 0.2597105 63.17985
21.833 0.2707708 0.09062972 0.958368 81.04837 -0.01252273 0.9958056 -0.090632 -6.239009 -0.9625624 0.01253911 0.27077 63.35684
21.93617 0.2810514 0.09255691 0.9552189 81.65468 -0.01440018 0.995633 -0.09223596 -6.285674 -0.9595847 0.01216772 0.2811569 63.54111
22.03841 0.2908657 0.09326445 0.9522073 82.26579 -0.01695222 0.9955836 -0.09233468 -6.324963 -0.9566137 0.01071496 0.2911622 63.74049
22.14192 0.3012086 0.09423417 0.9488905 82.89509 -0.01847524 0.9954948 -0.09299781 -6.371173 -0.9533793 0.01048075 0.3015926 63.94808
22.24529 0.3114761 0.09499952 0.9454933 83.53476 -0.02182553 0.9954428 -0.09282824 -6.414738 -0.9500033 0.008277883 0.3121301 64.1668
22.34879 0.3221019 0.08973348 0.9424426 84.19403 -0.02158695 0.995935 -0.08744886 -6.458457 -0.9464589 0.007822978 0.3227297 64.39981
22.45217 0.332978 0.08181771 0.9393782 84.86139 -0.01796666 0.996598 -0.08043286 -6.498607 -0.9427634 0.009904888 0.3333152 64.63735
22.55569 0.344023 0.07757898 0.9357508 85.53876 -0.01656435 0.9969272 -0.07656109 -6.545009 -0.9388151 0.01083867 0.3442509 64.88814
22.65944 0.3540944 0.0745896 0.9322303 86.22445 -0.01650619 0.9971574 -0.07351492 -6.585584 -0.9350641 0.01064365 0.354319 65.15377
22.76249 0.3632093 0.07047665 0.9290382 86.92746 -0.01006274 0.9973735 -0.07172652 -6.605047 -0.9316533 0.01670306 0.3629645 65.4284
22.86596 0.3724555 0.06671889 0.9256486 87.63165 -0.003810859 0.9975139 -0.07036543 -6.624344 -0.9280423 0.02268047 0.3717838 65.70333
22.96953 0.3795424 0.05699201 0.9234172 88.35787 0.005138607 0.9979555 -0.06370449 -6.646336 -0.9251601 0.02892363 0.3784736 65.99341
23.07297 0.3868597 0.05286436 0.920622 89.07692 0.01153572 0.9979998 -0.06215508 -6.684073 -0.9220665 0.03466532 0.385476 66.28897
23.17661 0.3941549 0.05312216 0.9175074 89.79244 0.01280626 0.9979136 -0.06327904 -6.725361 -0.9189548 0.03669158 0.3926523 66.59944
23.28004 0.4017997 0.05915111 0.9138151 90.50245 0.01551673 0.9973284 -0.07137956 -6.763694 -0.9155961 0.0428597 0.3998084 66.90709
23.38467 0.4091353 0.06372032 0.9102461 91.2181 0.01973855 0.9967072 -0.07864494 -6.813377 -0.9122603 0.05014335 0.4065303 67.22868
23.48762 0.4144271 0.06513043 0.9077489 91.92183 0.01705387 0.9967049 -0.07929882 -6.870738 -0.9099228 0.04834421 0.4119508 67.55932
23.59065 0.4188452 0.0673245 0.9055584 92.60904 0.009204078 0.9968817 -0.07837115 -6.914272 -0.908011 0.0411602 0.4169195 67.90371
23.69454 0.4227454 0.07070038 0.9034864 93.28887 0.003057782 0.9968352 -0.07943595 -6.975179 -0.9062434 0.03634384 0.4211913 68.24748
23.79821 0.4270382 0.07405487 0.9011959 93.9613 0.002044972 0.996559 -0.08286027 -7.03488 -0.9042313 0.03722741 0.4254173 68.58083
23.90351 0.4311862 0.07836336 0.8988534 94.63312 -0.001013917 0.9962626 -0.08636927 -7.110019 -0.9022624 0.03632986 0.4296541 68.92013
24.00458 0.4345564 0.08123113 0.8969739 95.27546 -0.004290526 0.9960997 -0.08812948 -7.183014 -0.9006345 0.03444873 0.43321 69.2482
24.10822 0.4385578 0.07953606 0.8951765 95.92749 -0.005482144 0.9962942 -0.08583457 -7.259679 -0.8986863 0.03273593 0.4373687 69.5824
24.21321 0.4428542 0.07591396 0.893374 96.58342 -0.004416793 0.9965817 -0.08249455 -7.329268 -0.8965828 0.0325872 0.4416757 69.91299
24.31511 0.4462005 0.07354328 0.8919061 97.20647 -0.004875929 0.9968026 -0.07975336 -7.398532 -0.8949198 0.03123711 0.4451324 70.23613
24.4221 0.4498128 0.07264084 0.8901638 97.84561 -0.006223303 0.9969176 -0.07820765 -7.469536 -0.8931012 0.02963904 0.4488783 70.56975
24.52242 0.4531344 0.07464556 0.8883114 98.43505 -0.007837986 0.996783 -0.07976232 -7.533159 -0.8914078 0.02918048 0.4522618 70.88389
24.62531 0.4559167 0.07493501 0.8868622 99.03309 -0.006874789 0.996716 -0.08068289 -7.592121 -0.8899959 0.03068768 0.4549346 71.19793
24.72875 0.4580361 0.07309423 0.8859233 99.6279 -0.004849071 0.9968042 -0.07973557 -7.650212 -0.8889204 0.03222586 0.4569267 71.50888
24.8322 0.4597856 0.07210194 0.885098 100.2122 -0.002867504 0.9968137 -0.07971295 -7.709739 -0.8880254 0.03411284 0.4585273 71.81621
24.93558 0.4615821 0.07190767 0.8841782 100.7869 -0.004291855 0.9968785 -0.07883272 -7.766662 -0.8870872 0.032593 0.4604499 72.12549
25.03909 0.4635939 0.07154756 0.8831543 101.353 -0.003114287 0.9968598 -0.0791245 -7.82354 -0.8860423 0.03393123 0.462361 72.43265
25.1425 0.4662232 0.07370896 0.8815911 101.9055 -0.003435783 0.9966663 -0.08151331 -7.88334 -0.8846605 0.03497443 0.4649221 72.73582
25.24597 0.4693305 0.07307267 0.8799938 102.4447 -0.00110973 0.996618 -0.08216504 -7.943074 -0.8830219 0.037586 0.4678244 73.03236
25.34936 0.4724365 0.07237662 0.8783879 102.983 0.001234127 0.9965672 -0.08277804 -8.002376 -0.8813639 0.0401914 0.4707254 73.32849
25.45275 0.475681 0.07068726 0.8767729 103.5115 0.004050499 0.9965791 -0.08254384 -8.05369 -0.8796086 0.0428159 0.4737675 73.6209
25.5563 0.4791236 0.06975479 0.8749712 104.0361 0.005530276 0.9965775 -0.08247786 -8.096619 -0.87773 0.04435591 0.4770981 73.90981
25.65963 0.4823176 0.06935246 0.8732467 104.5505 0.006467138 0.996552 -0.08271724 -8.139292 -0.8759726 0.04554338 0.480206 74.19588
25.76316 0.4857257 0.06865676 0.8714107 105.0601 0.007159909 0.9965646 -0.08250835 -8.181955 -0.874082 0.04631564 0.4835655 74.48234
25.86653 0.4891732 0.06814586 0.8695203 105.564 0.008817026 0.9965056 -0.0830582 -8.22375 -0.8721421 0.04829642 0.486863 74.76626
25.97023 0.4930605 0.06945168 0.8672184 106.0641 0.008412663 0.9963812 -0.08457882 -8.265059 -0.8699544 0.04899808 0.4906919 75.05403
26.07453 0.4974064 0.06960041 0.8647211 106.565 0.01039377 0.9962267 -0.08616388 -8.308372 -0.8674554 0.05184617 0.4948061 75.34311
26.17779 0.5021425 0.07305369 0.8616936 107.0595 0.00800904 0.9959898 -0.08910641 -8.363102 -0.8647478 0.05164545 0.4995438 75.63421
26.28004 0.5075846 0.07889659 0.857982 107.5403 0.004700685 0.9955302 -0.09432592 -8.418748 -0.8615891 0.05191148 0.5049449 75.92569
26.38451 0.513373 0.08591861 0.8538536 108.0289 -0.0007217714 0.9950183 -0.09968929 -8.475876 -0.8581653 0.0505615 0.5108775 76.22883
26.48695 0.5194125 0.09210111 0.8495457 108.5079 -0.005748399 0.9945287 -0.1043045 -8.530283 -0.8545043 0.04929352 0.5171001 76.53231
26.59019 0.5258177 0.09648418 0.8451073 108.9938 -0.008786758 0.9941089 -0.1080284 -8.586122 -0.8505519 0.04937747 0.5235679 76.8408
26.69358 0.5311767 0.09671565 0.8417228 109.4846 -0.01339558 0.9942978 -0.1057934 -8.642339 -0.8471552 0.04491963 0.5294434 77.16092
26.79695 0.5364891 0.09552072 0.8384838 109.9856 -0.01985535 0.9947271 -0.100616 -8.706456 -0.8436737 0.037331 0.5355569 77.48994
26.90036 0.5422377 0.09312728 0.8350482 110.4964 -0.02597826 0.9952217 -0.09412141 -8.763095 -0.8398235 0.02934307 0.5420659 77.82451
27.00385 0.5479617 0.09099474 0.8315395 111.0125 -0.03224469 0.9956247 -0.08770211 -8.817849 -0.8358818 0.02124465 0.5484982 78.17109
27.10725 0.5540927 0.08923672 0.8276582 111.5367 -0.03493499 0.9958545 -0.08398345 -8.867411 -0.8317217 0.01762038 0.5549131 78.51965
27.2106 0.5605101 0.09286252 0.8229246 112.0557 -0.03948982 0.9955598 -0.08544618 -8.915374 -0.8272056 0.0153963 0.5616884 78.87613
27.31399 0.566451 0.09677166 0.8183938 112.5829 -0.04325482 0.9952038 -0.08773993 -8.963221 -0.8229595 0.01430088 0.56792 79.24678
27.41742 0.572556 0.1001365 0.8137274 113.1161 -0.0460095 0.9948734 -0.09005489 -9.011645 -0.8185737 0.01412227 0.5742279 79.62766
27.52075 0.5788717 0.1020245 0.8090108 113.6686 -0.04805454 0.9946856 -0.09105551 -9.057118 -0.8140015 0.01383281 0.5806981 80.01888
27.62417 0.5851199 0.1029632 0.8043838 114.2286 -0.05131706 0.9946201 -0.08998518 -9.105368 -0.8093215 0.01137351 0.5872557 80.42589
27.72769 0.5912435 0.104919 0.7996393 114.7933 -0.0572624 0.9944606 -0.08814198 -9.158005 -0.8044577 0.006324097 0.5939762 80.84871
27.83108 0.5984116 0.1026552 0.794585 115.3671 -0.05766808 0.9947039 -0.08507872 -9.217043 -0.7991107 0.005089903 0.6011623 81.28451
27.93446 0.605971 0.1007245 0.7890841 115.9476 -0.05766546 0.9949036 -0.08271315 -9.273702 -0.7933939 0.004618868 0.608691 81.72926
28.03782 0.6134904 0.1008717 0.7832333 116.5301 -0.05858763 0.9948889 -0.08224017 -9.317811 -0.7875259 0.004565763 0.6162646 82.18891
28.14105 0.6209422 0.103288 0.7770214 117.1091 -0.06351949 0.9946507 -0.08145667 -9.366338 -0.7812785 0.001223868 0.6241813 82.66397
28.24442 0.6287839 0.1038119 0.7706191 117.7001 -0.0639298 0.9945945 -0.08182087 -9.410224 -0.7749477 0.002182111 0.6320216 83.15109
28.34803 0.635525 0.1046068 0.764961 118.2986 -0.06565811 0.9945124 -0.08144912 -9.457628 -0.7692835 0.001537052 0.6389057 83.65236
28.45134 0.6407217 0.1032479 0.7607993 118.9071 -0.06562197 0.9946549 -0.07971966 -9.501459 -0.7649638 0.001152959 0.6440723 84.16417
28.55481 0.6444287 0.1017978 0.757858 119.523 -0.06480563 0.9948039 -0.078519 -9.549903 -0.7619133 0.001486427 0.6476773 84.68521
28.66087 0.6482741 0.09914096 0.7549249 120.1636 -0.06092667 0.9950617 -0.07835775 -9.590647 -0.7589655 0.004802234 0.6511131 85.22386
28.76183 0.6517854 0.09553642 0.7523619 120.7812 -0.05554669 0.9953831 -0.07827461 -9.63523 -0.7563665 0.009227034 0.6540829 85.74376
28.86683 0.6557828 0.08869963 0.7497207 121.4334 -0.04780545 0.9959598 -0.0760167 -9.682937 -0.7534345 0.0140097 0.6573737 86.29266
28.97069 0.6594618 0.08305565 0.7471357 122.0849 -0.04218349 0.9964003 -0.07353186 -9.728697 -0.7505536 0.01697466 0.6605915 86.85165
29.07355 0.6630555 0.077366 0.7445615 122.73 -0.0365242 0.9968037 -0.07105009 -9.773963 -0.7476787 0.01991564 0.663762 87.405
29.17674 0.6663679 0.07623736 0.7417153 123.3777 -0.03632067 0.996897 -0.06983526 -9.820354 -0.744738 0.01959638 0.6670692 87.97821
29.27933 0.6693976 0.07789532 0.7388092 124.0203 -0.03713224 0.9967529 -0.07144763 -9.868055 -0.7419758 0.02039322 0.6701164 88.55484
29.38483 0.672633 0.08244028 0.7353695 124.6768 -0.04296094 0.9964489 -0.0724134 -9.916275 -0.7387281 0.01711548 0.6737862 89.16047
29.48639 0.6752168 0.08584468 0.7326069 125.3111 -0.04843845 0.9962211 -0.07209029 -9.964397 -0.7360272 0.01319023 0.6768235 89.75362
29.58938 0.6781317 0.08261678 0.730282 125.9636 -0.04941746 0.9965384 -0.06684989 -10.01373 -0.7332771 0.009244349 0.679867 90.35993
29.69289 0.6816128 0.0797591 0.727353 126.619 -0.05207611 0.9968084 -0.06050544 -10.0578 -0.7298576 0.003363564 0.6835909 90.97676
29.79633 0.6851176 0.07449807 0.7246129 127.2756 -0.05171768 0.9972208 -0.05362636 -10.10087 -0.7265943 -0.0007349427 0.6870664 91.59686
29.89982 0.6897845 0.07018655 0.7206047 127.9271 -0.04896896 0.9975336 -0.05028476 -10.14276 -0.7223569 -0.0006016191 0.6915202 92.21818
30.00317 0.6945548 0.06746366 0.7162696 128.5815 -0.04338405 0.9977092 -0.051903 -10.1842 -0.7181305 0.004974799 0.6958906 92.84078
30.10656 0.7000786 0.06446784 0.7111496 129.2245 -0.03261729 0.9977637 -0.05834077 -10.23342 -0.7133204 0.01764735 0.7006158 93.4639
30.21163 0.7055871 0.06626764 0.7055178 129.8788 -0.0268309 0.9974021 -0.06685014 -10.28691 -0.7081151 0.02823891 0.7055321 94.10638
30.31333 0.7112766 0.06627078 0.6997812 130.5065 -0.02419601 0.997264 -0.06984958 -10.3407 -0.7024957 0.03275046 0.710934 94.74426
