0 1 1.197625e-11 1.704638e-10 1.110223e-16 1.197625e-11 1 3.562503e-10 0 1.704638e-10 3.562503e-10 1 2.220446e-16
0.1042283 0.9999968 -0.001958988 -0.001630129 0.003499723 0.001957401 0.9999976 -0.0009745057 -0.009789328 0.001632035 0.0009713123 0.9999982 0.5653511
0.2084765 0.9999931 -0.002475044 -0.002755837 0.001173954 0.002468662 0.9999942 -0.002316828 -0.02241474 0.002761556 0.002310009 0.9999935 1.127607
0.3127291 0.9999863 -0.002528164 -0.004580897 -0.007831705 0.00251202 0.9999906 -0.003526615 -0.04141091 0.004589771 0.003515059 0.9999833 1.689225
0.4169786 0.9999675 -0.004648687 -0.00659532 -0.01508128 0.004612815 0.9999745 -0.005443974 -0.0592272 0.00662046 0.005413373 0.9999634 2.251296
0.5212271 0.9999413 -0.007134576 -0.008152763 -0.02040073 0.007072901 0.9999463 -0.007569121 -0.07423248 0.008206328 0.007511012 0.9999381 2.816072
0.6254761 0.99992 -0.008311338 -0.009539068 -0.02969353 0.008230327 0.99993 -0.008500812 -0.09078265 0.009609054 0.008421622 0.9999184 3.390281
0.729727 0.9999041 -0.008525348 -0.01091073 -0.04152744 0.008441127 0.9999344 -0.007742225 -0.1098544 0.01097602 0.007649383 0.9999105 3.969489
0.833976 0.9998884 -0.008811524 -0.01206613 -0.05593704 0.008715868 0.9999303 -0.007957589 -0.1348021 0.0121354 0.007851533 0.9998955 4.556204
0.9383588 0.999878 -0.008278892 -0.01324786 -0.07008098 0.008141373 0.9999127 -0.01040105 -0.1575514 0.01333281 0.01029192 0.9998582 5.150463
1.042605 0.9998748 -0.006580037 -0.01439059 -0.08798198 0.006374276 0.9998774 -0.01429781 -0.1803479 0.01448291 0.01420429 0.9997942 5.751285
1.146853 0.9998652 -0.005082827 -0.01561247 -0.1054713 0.004800847 0.9998256 -0.01804597 -0.1996581 0.01570147 0.01796859 0.9997153 6.363942
1.251125 0.9998522 -0.003623834 -0.01680538 -0.1238576 0.003306955 0.9998169 -0.01884543 -0.2187844 0.0168706 0.01878706 0.9996812 6.989627
1.355354 0.9998394 -0.001112536 -0.01788542 -0.1444743 0.0008907687 0.9999227 -0.01240253 -0.2366165 0.01789783 0.0123846 0.9997631 7.637602
1.459603 0.9998258 -8.672136e-05 -0.01866531 -0.1645124 5.358731e-05 0.9999984 -0.001775663 -0.2542635 0.01866543 0.001774354 0.9998242 8.302111
1.563854 0.999812 0.001004604 -0.01936675 -0.1844755 -0.0008989153 0.9999846 0.005465141 -0.2738044 0.01937194 -0.005446702 0.9997975 8.978383
1.668106 0.9997817 0.00338997 -0.02061746 -0.2077191 -0.003275843 0.9999791 0.005566728 -0.2924369 0.0206359 -0.005497971 0.9997719 9.661917
1.772352 0.9997543 0.005555763 -0.02145926 -0.2329992 -0.005595211 0.9999827 -0.001778629 -0.3035717 0.02144901 0.001898261 0.9997682 10.35368
1.876603 0.9997369 0.00481293 -0.02242765 -0.253794 -0.005013394 0.9999479 -0.008890577 -0.3091782 0.02238369 0.009000675 0.9997089 11.06423
1.980855 0.9997145 0.002620743 -0.02375049 -0.270128 -0.002819209 0.9999613 -0.008326642 -0.3152238 0.02372775 0.008391221 0.9996832 11.79839
2.085105 0.9997063 0.001893748 -0.02416094 -0.2821162 -0.001858131 0.9999971 0.001496504 -0.3207015 0.02416371 -0.001451169 0.999707 12.5587
2.189354 0.9996966 0.001625146 -0.02457882 -0.2962122 -0.001393167 0.9999543 0.009452361 -0.3252216 0.02459306 -0.009415248 0.9996532 13.3352
2.293607 0.9996863 0.0007583641 -0.02503532 -0.3128296 -0.0004521018 0.999925 0.01223661 -0.3292075 0.02504272 -0.01222145 0.9996117 14.12399
2.397855 0.9996792 -0.001382699 -0.02529212 -0.3270868 0.001667549 0.9999354 0.01124476 -0.3300205 0.02527494 -0.01128333 0.9996169 14.92763
2.502107 0.9996851 -0.002198699 -0.02499779 -0.3451203 0.0024139 0.9999602 0.00858185 -0.32986 0.02497793 -0.008639487 0.9996507 15.74882
2.606377 0.9997041 5.747479e-05 -0.02432655 -0.3585571 6.660546e-05 0.999987 0.005099768 -0.3310784 0.02432653 -0.005099877 0.9996911 16.58175
2.710606 0.999724 -0.002636624 -0.0233461 -0.3661096 0.002632565 0.9999965 -0.0002046126 -0.3374209 0.02334656 0.0001430967 0.9997274 17.4281
2.814856 0.9997263 -0.005544119 -0.02272786 -0.3686442 0.005399776 0.9999649 -0.006407463 -0.3506532 0.02276259 0.006282984 0.9997212 18.28806
2.919104 0.9997553 -0.00508593 -0.02153036 -0.3812873 0.004819452 0.9999113 -0.01241078 -0.3643232 0.02159157 0.01230397 0.9996912 19.16967
3.023358 0.9997662 -0.003838836 -0.02127843 -0.3931436 0.003555293 0.9999046 -0.01334729 -0.383628 0.02132764 0.01326852 0.9996845 20.0706
3.127481 0.9997622 -0.003422674 -0.02153588 -0.4065575 0.003148129 0.9999135 -0.01276932 -0.4078809 0.02157773 0.01269848 0.9996865 20.99062
3.231728 0.9997668 -0.002204438 -0.02148374 -0.419658 0.001910245 0.9999042 -0.01370467 -0.4350658 0.02151189 0.01366044 0.9996753 21.92489
3.335979 0.9997726 0.0004687529 -0.02131795 -0.4375606 -0.000807531 0.9998735 -0.01588585 -0.463143 0.02130781 0.01589945 0.9996465 22.87774
3.440232 0.9997643 0.004013694 -0.02133588 -0.4507315 -0.004371519 0.9998501 -0.01675089 -0.4913797 0.02126545 0.01684021 0.999632 23.84921
3.544357 0.9997576 0.005791203 -0.02123996 -0.46864 -0.006143965 0.9998436 -0.01658089 -0.5208191 0.02114062 0.01670737 0.9996369 24.82497
3.648605 0.9997475 0.00665541 -0.02146389 -0.4870736 -0.007009523 0.9998398 -0.01646518 -0.5504866 0.02135087 0.01661147 0.999634 25.80752
3.752729 0.9997432 0.006684038 -0.02165237 -0.5055765 -0.007043805 0.9998377 -0.01658208 -0.5806979 0.02153803 0.01673033 0.999628 26.79489
3.856982 0.99973 0.007470019 -0.02200512 -0.5258752 -0.007810435 0.9998505 -0.01542467 -0.6123111 0.02188661 0.01559237 0.9996389 27.7959
3.961233 0.999718 0.008169161 -0.02229874 -0.5464848 -0.008471998 0.9998727 -0.01352028 -0.6430976 0.02218546 0.01370538 0.9996599 28.8031
4.065354 0.9997048 0.008828655 -0.02263483 -0.5679163 -0.009107452 0.9998835 -0.01224376 -0.673845 0.0225241 0.01244629 0.9996688 29.8173
4.169606 0.9997049 0.008689446 -0.02268546 -0.5884758 -0.008985541 0.9998753 -0.01298294 -0.7048065 0.02256982 0.01318295 0.9996584 30.8382
4.273854 0.9996909 0.00975837 -0.02286542 -0.6113853 -0.01008382 0.9998488 -0.01416135 -0.7344817 0.02272378 0.01438754 0.9996383 31.86663
4.377982 0.9996851 0.009563056 -0.02320037 -0.6341856 -0.00987584 0.9998614 -0.01340487 -0.765854 0.02306896 0.01362977 0.999641 32.9025
4.482232 0.9996756 0.008859609 -0.02387811 -0.6562571 -0.009116721 0.9999014 -0.01068035 -0.7960953 0.02378114 0.01089458 0.9996578 33.94945
4.586357 0.9996656 0.009103416 -0.02420489 -0.6799668 -0.009280078 0.999931 -0.007196274 -0.8250696 0.02413772 0.00741849 0.9996811 35.00439
4.690605 0.9996516 0.009284323 -0.024707 -0.7046294 -0.009400963 0.9999452 -0.004608864 -0.852128 0.02466286 0.004839528 0.9996841 36.06726
4.794755 0.999639 0.009218534 -0.02523677 -0.7318157 -0.009321934 0.9999486 -0.003982562 -0.8792448 0.02519876 0.00421638 0.9996736 37.12992
4.898858 0.9996343 0.00864036 -0.02562662 -0.7509456 -0.008785442 0.999946 -0.005554152 -0.8999454 0.02557725 0.005777261 0.9996562 38.20156
5.003109 0.9996235 0.008853187 -0.02597288 -0.763742 -0.00900868 0.9999421 -0.005875766 -0.9173898 0.02591936 0.006107535 0.9996454 39.27699
5.107234 0.9996113 0.008636784 -0.02650763 -0.7861115 -0.008772323 0.999949 -0.00500111 -0.9426008 0.02646309 0.0052317 0.9996361 40.35358
5.211513 0.9995911 0.008601039 -0.02727063 -0.8119808 -0.008683288 0.9999581 -0.002898948 -0.9707248 0.02724456 0.003134561 0.9996239 41.43101
5.315611 0.9995744 0.008727969 -0.02783667 -0.8405589 -0.008747257 0.9999616 -0.0005711173 -0.9983507 0.02783061 0.0008143693 0.9996123 42.50646
5.419858 0.9995472 0.01022 -0.02830096 -0.8709114 -0.01022405 0.9999477 1.828267e-06 -1.026979 0.0282995 0.0002875237 0.9995995 43.58049
5.523983 0.9995279 0.01094395 -0.02871053 -0.9059963 -0.01106491 0.9999305 -0.004057536 -1.04797 0.02866413 0.0043733 0.9995795 44.64539
5.628235 0.9995085 0.01235171 -0.02881189 -0.9448054 -0.01260322 0.9998839 -0.008564026 -1.065232 0.02870277 0.008922939 0.9995482 45.70729
5.73248 0.999494 0.01312039 -0.02897767 -0.9815092 -0.01338944 0.9998688 -0.009110188 -1.088166 0.02885435 0.009493571 0.9995386 46.77981
5.836733 0.9994989 0.01324264 -0.02875026 -1.015604 -0.01343042 0.9998896 -0.006348082 -1.110851 0.02866302 0.006731028 0.9995665 47.8582
5.940858 0.9994919 0.0141772 -0.02854922 -1.050114 -0.0142988 0.9998895 -0.004059449 -1.131381 0.02848852 0.004465605 0.9995842 48.93463
6.045107 0.999522 0.01204172 -0.02847356 -1.079496 -0.01212515 0.9999227 -0.002758982 -1.149441 0.02843813 0.003102909 0.9995907 50.01065
6.149354 0.9995195 0.01300679 -0.02813588 -1.112505 -0.01308056 0.9999114 -0.002439357 -1.168837 0.02810166 0.002806218 0.9996011 51.08922
6.253481 0.9995571 0.0108209 -0.02772132 -1.142897 -0.01097231 0.9999256 -0.005315486 -1.184929 0.02766174 0.005617298 0.9996016 52.15954
6.357731 0.9995465 0.01194244 -0.02764414 -1.177502 -0.01216294 0.9998954 -0.007821636 -1.200275 0.02754784 0.008154322 0.9995872 53.23263
6.461983 0.9995598 0.01097808 -0.02756386 -1.210486 -0.01125243 0.9998885 -0.00981764 -1.22123 0.02745301 0.01012348 0.9995718 54.30647
6.566109 0.9995747 0.009582319 -0.02754407 -1.24879 -0.009938401 0.9998684 -0.01281994 -1.24431 0.02741761 0.01308823 0.9995384 55.37246
6.670359 0.9995931 0.007889461 -0.02741337 -1.282228 -0.008313639 0.9998469 -0.01539395 -1.272192 0.02728772 0.01561559 0.9995057 56.44378
6.774485 0.9996076 0.006482936 -0.02724986 -1.319412 -0.006848565 0.9998875 -0.01334574 -1.300079 0.02716028 0.01352712 0.9995396 57.51446
6.878731 0.9996159 0.005272756 -0.0272094 -1.352181 -0.005472263 0.9999586 -0.007262988 -1.322688 0.02716998 0.007409094 0.9996034 58.60062
6.982859 0.9996289 0.004177682 -0.02691985 -1.387176 -0.004211062 0.9999904 -0.001183339 -1.339024 0.02691465 0.001296261 0.9996369 59.6858
7.086981 0.9996383 0.00250897 -0.02677796 -1.418009 -0.00250631 0.9999968 0.0001329272 -1.354327 0.02677822 -6.576443e-05 0.9996414 60.76851
7.191236 0.9996473 -0.0006622685 -0.02654826 -1.444555 0.0005799434 0.999995 -0.003108548 -1.364859 0.02655019 0.003092056 0.9996427 61.84743
7.295357 0.9996453 -0.002548634 -0.02651046 -1.469495 0.002379543 0.9999766 -0.006407902 -1.377471 0.02652617 0.006342545 0.999628 62.92513
7.399507 0.9996473 -0.0005710145 -0.02655199 -1.499917 0.0003004754 0.999948 -0.01019191 -1.3958 0.02655643 0.01018033 0.9995955 64.00399
7.503734 0.9996482 -0.001301741 -0.02649102 -1.528092 0.0009079193 0.999889 -0.01487284 -1.415207 0.02650744 0.01484356 0.9995384 65.08527
7.607858 0.9996614 0.001995361 -0.02594344 -1.558768 -0.002403038 0.999874 -0.01569239 -1.436238 0.02590886 0.01574942 0.9995402 66.16971
7.712108 0.9996658 0.006847933 -0.02492658 -1.593317 -0.007147739 0.9999029 -0.01195833 -1.460636 0.02484228 0.0121325 0.9996178 67.26138
7.816232 0.9996582 0.008312834 -0.02478541 -1.623511 -0.008549643 0.9999186 -0.009463685 -1.483749 0.02470473 0.009672356 0.999648 68.34968
7.920378 0.99966 0.007575555 -0.02494941 -1.649241 -0.007807005 0.9999272 -0.009192408 -1.501927 0.02487796 0.009384062 0.9996465 69.43492
8.024607 0.9996743 0.006096033 -0.02478355 -1.673162 -0.006302831 0.9999459 -0.008274537 -1.522851 0.02473177 0.008428047 0.9996586 70.52233
8.128736 0.9996733 0.00497025 -0.02507073 -1.69757 -0.005144801 0.9999629 -0.006902635 -1.542287 0.0250355 0.007029363 0.9996619 71.60597
8.232862 0.9996724 0.003394724 -0.02536873 -1.724041 -0.003524391 0.9999809 -0.005068311 -1.56643 0.02535104 0.00515606 0.9996653 72.68959
8.336986 0.9996575 0.002220552 -0.02607526 -1.754602 -0.002302257 0.9999925 -0.003103834 -1.593458 0.02606817 0.003162804 0.9996552 73.76891
8.441112 0.9996433 0.001479137 -0.02666623 -1.784427 -0.001590559 0.9999901 -0.00415763 -1.618953 0.02665981 0.004198561 0.9996358 74.84293
8.545359 0.9996291 0.001607274 -0.02718639 -1.818016 -0.001826344 0.999966 -0.00803515 -1.644073 0.02717256 0.008081821 0.9995981 75.91173
8.649487 0.9996101 0.002133806 -0.0278391 -1.852271 -0.002424651 0.9999428 -0.0104178 -1.670698 0.02781528 0.01048123 0.9995581 76.98007
8.753612 0.9995891 0.004233092 -0.0283491 -1.892754 -0.004483809 0.9999513 -0.008786135 -1.702097 0.02831053 0.008909636 0.9995595 78.04464
8.857735 0.9995678 0.005278628 -0.02892128 -1.931694 -0.005415869 0.9999744 -0.004669015 -1.731655 0.0288959 0.004823631 0.9995708 79.11497
8.96186 0.9995411 0.006853246 -0.02950637 -1.971601 -0.006869005 0.9999763 -0.0004326932 -1.759353 0.02950271 0.0006351747 0.9995645 80.18037
9.065987 0.9995209 0.007994852 -0.02990165 -2.009246 -0.007977963 0.9999679 0.0006841464 -1.780033 0.02990617 -0.0004452634 0.9995526 81.241
9.170238 0.999506 0.007795793 -0.03044809 -2.046091 -0.007848921 0.9999679 -0.001625703 -1.79845 0.03043444 0.001863885 0.999535 82.29562
9.27436 0.9994882 0.007555003 -0.03108412 -2.082196 -0.007642022 0.9999672 -0.002681568 -1.819154 0.03106284 0.002917741 0.9995132 83.3426
9.378487 0.9994752 0.007225519 -0.031576 -2.118145 -0.007306479 0.9999703 -0.00244928 -1.83635 0.03155737 0.002678705 0.9994984 84.38146
9.48261 0.9994607 0.005955976 -0.03229184 -2.152257 -0.006031653 0.9999793 -0.002246562 -1.854735 0.03227779 0.002440124 0.999476 85.40636
9.586735 0.9994472 0.004547048 -0.03293428 -2.187213 -0.004572446 0.9999893 -0.0006958514 -1.871238 0.03293077 0.0008460575 0.9994573 86.41716
9.690863 0.9994314 0.004756684 -0.03338168 -2.224921 -0.004695592 0.9999871 0.001908273 -1.889129 0.03339033 -0.00175044 0.9994409 87.4107
9.794986 0.9994019 0.004012762 -0.03434629 -2.262425 -0.003902838 0.999987 0.003266921 -1.90777 0.03435896 -0.003130918 0.9994047 88.38264
9.899109 0.9993338 0.002999186 -0.03637303 -2.303693 -0.002880714 0.9999904 0.003309115 -1.929486 0.0363826 -0.003202128 0.9993328 89.33531
10.00337 0.9992113 0.002138299 -0.03965073 -2.344772 -0.002031068 0.9999941 0.002744488 -1.950966 0.03965637 -0.002661789 0.9992098 90.26556
10.10749 0.9990684 0.002186699 -0.04309936 -2.390135 -0.002107826 0.999996 0.001875411 -1.972736 0.04310329 -0.001782817 0.999069 91.17072
10.21161 0.9989307 0.001832805 -0.0461966 -2.434745 -0.001755145 0.999997 0.001721603 -1.993637 0.04619962 -0.001638679 0.9989309 92.05518
10.31574 0.9987771 0.002904739 -0.04935412 -2.486719 -0.002745233 0.9999908 0.003299346 -2.021957 0.04936326 -0.003159822 0.9987759 92.91577
10.41989 0.9986194 0.003941519 -0.05238126 -2.538278 -0.003724414 0.999984 0.004241689 -2.044394 0.05239715 -0.004040742 0.9986182 93.75397
10.52411 0.9984574 0.004910923 -0.05530497 -2.594376 -0.00459572 0.9999724 0.005825129 -2.066115 0.05533206 -0.005561975 0.9984525 94.56706
10.62824 0.9982947 0.006427526 -0.0580203 -2.649588 -0.00604789 0.9999591 0.006716404 -2.083333 0.0580611 -0.006354048 0.9982928 95.35206
10.73249 0.998136 0.008546321 -0.06042826 -2.709824 -0.008117173 0.9999401 0.007343723 -2.104835 0.06048741 -0.006839525 0.9981455 96.1106
10.83661 0.9979505 0.0104533 -0.06313131 -2.76931 -0.01006763 0.9999287 0.006424076 -2.127247 0.06319396 -0.005775324 0.9979846 96.83647
10.94086 0.9977683 0.01184201 -0.06571358 -2.827593 -0.01166772 0.9999273 0.003035422 -2.149905 0.06574475 -0.002261919 0.9978339 97.53308
11.04501 0.9975717 0.01414368 -0.06819605 -2.885302 -0.01423255 0.9998984 -0.0008174607 -2.169614 0.06817756 0.00178608 0.9976716 98.19683
11.14924 0.9973874 0.01616254 -0.07040771 -2.940577 -0.01644917 0.9998586 -0.003493045 -2.192789 0.07034131 0.004642067 0.9975122 98.83274
11.25349 0.9972886 0.01777342 -0.071411 -2.992555 -0.01815495 0.9998241 -0.004697178 -2.21765 0.07131496 0.005980905 0.9974359 99.43737
11.35776 0.9972983 0.02031185 -0.07059445 -3.043655 -0.02065599 0.999778 -0.00414805 -2.242127 0.07049453 0.005595041 0.9974965 100.02
11.46211 0.9974082 0.02401071 -0.06782548 -3.092267 -0.02423148 0.9997034 -0.002434004 -2.268333 0.06774693 0.004071208 0.9976942 100.5818
11.56636 0.9976861 0.02685736 -0.06245978 -3.132396 -0.0269592 0.9996362 -0.0007880321 -2.291455 0.0624159 0.002470075 0.9980472 101.1196
11.67074 0.9980865 0.02769474 -0.05528438 -3.162399 -0.02768287 0.9996162 0.0009807221 -2.311035 0.05529033 0.0005515859 0.9984702 101.6363
11.77511 0.9985724 0.02754334 -0.04576698 -3.182492 -0.02741437 0.9996182 0.003443627 -2.327168 0.04584436 -0.002184037 0.9989462 102.1306
11.87937 0.99905 0.0271162 -0.03411624 -3.196722 -0.02696659 0.9996246 0.004838232 -2.349063 0.03423463 -0.003913635 0.9994062 102.6043
11.98386 0.9994365 0.02634999 -0.02079597 -3.201967 -0.02625239 0.9996431 0.004952734 -2.369031 0.02091905 -0.004403998 0.9997715 103.0549
12.08824 0.9996431 0.02606407 -0.005856808 -3.198184 -0.02603947 0.9996519 0.004238673 -2.391847 0.005965247 -0.004084651 0.9999739 103.4865
12.19274 0.9996254 0.02465666 0.01187615 -3.182672 -0.02467518 0.9996945 0.00141492 -2.410045 -0.01183763 -0.001707435 0.9999285 103.9074
12.29711 0.9991757 0.02397217 0.03276205 -3.156876 -0.02388296 0.9997099 -0.003111873 -2.43259 -0.03282714 0.002326853 0.9994583 104.3189
12.40164 0.9981466 0.02187542 0.05678845 -3.116159 -0.02145346 0.9997376 -0.008029551 -2.449486 -0.0569492 0.006796359 0.998354 104.719
12.50612 0.996291 0.01953501 0.08380147 -3.061832 -0.01869541 0.999767 -0.01079205 -2.472039 -0.08399277 0.00918532 0.996424 105.1162
12.61074 0.9934054 0.01685322 0.1134096 -2.993908 -0.0155858 0.9998059 -0.01205311 -2.487673 -0.1135907 0.01020604 0.9934752 105.4984
12.71524 0.9892475 0.01437845 0.1455423 -2.911418 -0.01252083 0.9998281 -0.0136715 -2.507487 -0.1457139 0.01170218 0.9892576 105.8778
12.81986 0.9834416 0.01169323 0.1808479 -2.813888 -0.009043005 0.9998394 -0.01547206 -2.526594 -0.1809998 0.01358045 0.9833894 106.2405
12.92437 0.9756821 0.008224854 0.2190361 -2.699437 -0.004860504 0.9998618 -0.01589424 -2.548585 -0.2191366 0.0144431 0.9755873 106.6027
13.02886 0.9659042 0.005639536 0.2588384 -2.570785 -0.001392872 0.9998614 -0.01658708 -2.565421 -0.2588961 0.015661 0.9657782 106.9444
13.13336 0.9538763 0.005989151 0.3001401 -2.431748 -0.0007529466 0.9998455 -0.0175585 -2.585374 -0.3001989 0.01652264 0.9537335 107.2854
13.23788 0.9389078 0.008082927 0.3440738 -2.279365 -0.002030353 0.9998368 -0.01794759 -2.60108 -0.3441628 0.01615254 0.9387711 107.6167
13.34237 0.9213636 0.007841691 0.3886227 -2.109387 -0.001344341 0.9998548 -0.01698801 -2.615943 -0.3886995 0.01512969 0.9212404 107.9269
13.44674 0.901512 0.00690763 0.432699 -1.921488 -0.0001279666 0.9998768 -0.01569548 -2.628863 -0.4327542 0.01409428 0.9014018 108.2346
13.55124 0.8787762 0.005396942 0.4772036 -1.720225 0.002468528 0.9998712 -0.01585389 -2.64191 -0.4772278 0.01511 0.8786497 108.5153
13.65561 0.8539851 0.005486594 0.5202685 -1.50675 0.004312303 0.9998354 -0.01762231 -2.655967 -0.5202796 0.01729274 0.8538209 108.7943
13.76001 0.8268621 0.007076746 0.5623602 -1.282825 0.005372216 0.9997758 -0.02048019 -2.670469 -0.5623791 0.01995541 0.8266387 109.0496
13.86436 0.7967129 0.01146739 0.6042492 -1.047012 0.00422866 0.9996897 -0.02454758 -2.682863 -0.6043433 0.02211254 0.7964172 109.3104
13.96874 0.7634311 0.01721087 0.64566 -0.7972273 0.001533558 0.9995938 -0.02845871 -2.691906 -0.6458875 0.02271642 0.7630946 109.5491
14.07312 0.726664 0.02200542 0.6866405 -0.5307156 -0.001000028 0.9995197 -0.03097424 -2.699185 -0.6869924 0.0218212 0.726337 109.791
14.17749 0.6876532 0.0224315 0.7256927 -0.2466359 0.0007842081 0.9994991 -0.03163809 -2.712112 -0.7260389 0.02232512 0.6872911 110.0156
14.28178 0.6472283 0.01957918 0.7620447 0.05578371 0.005453654 0.9995256 -0.03031273 -2.723636 -0.7622767 0.02377518 0.6468145 110.2064
14.38612 0.6035009 0.01731669 0.7971742 0.3744581 0.006707206 0.9996185 -0.02679201 -2.732922 -0.7973341 0.02151581 0.6031545 110.404
14.49049 0.5574795 0.01558425 0.8300444 0.7051086 0.007847757 0.9996802 -0.02403995 -2.741477 -0.8301537 0.01991576 0.5571789 110.5684
14.59474 0.5100162 0.01318785 0.8600637 1.049532 0.009403782 0.9997372 -0.02090598 -2.753607 -0.8601135 0.01875023 0.5097581 110.7304
14.69911 0.4596811 0.008542107 0.8880429 1.408134 0.01226402 0.9997973 -0.01596535 -2.764267 -0.8879994 0.01822994 0.4594832 110.8567
14.80337 0.4082059 0.008234297 0.9128527 1.774099 0.009891073 0.9998607 -0.0134422 -2.777327 -0.9128363 0.01451627 0.4080676 110.9879
14.90761 0.3572424 0.0124074 0.9339293 2.148919 0.006274944 0.9998573 -0.01568353 -2.788461 -0.9339906 0.01146317 0.3571136 111.1029
15.01199 0.3067219 0.0178732 0.9516313 2.533142 0.005747217 0.9997706 -0.02062973 -2.796272 -0.9517819 0.01179682 0.3065488 111.1851
15.11614 0.2598207 0.02006224 0.9654484 2.934626 0.007048719 0.9997181 -0.02267132 -2.806532 -0.9656312 0.01269565 0.2596061 111.2656
15.22024 0.2179078 0.01961097 0.9757723 3.350702 0.01357173 0.9996405 -0.0231215 -2.818457 -0.975875 0.01828127 0.2175633 111.3182
15.32424 0.1822823 0.01918248 0.9830591 3.783818 0.0217719 0.9994858 -0.02354004 -2.829807 -0.9830052 0.02569399 0.181771 111.3644
15.42812 0.1513859 0.02092434 0.9882532 4.227266 0.02705725 0.9993136 -0.0253033 -2.840259 -0.9881044 0.03056997 0.1507159 111.4023
15.53212 0.1229001 0.01931907 0.992231 4.690755 0.02545091 0.9994203 -0.02261146 -2.856964 -0.9920927 0.02803212 0.1223372 111.447
15.63601 0.0969637 0.01560921 0.9951655 5.173439 0.01880566 0.9996698 -0.01751219 -2.871679 -0.9951103 0.02041278 0.09663814 111.4895
15.73989 0.07261944 0.01214445 0.9972858 5.672652 0.01372028 0.9998191 -0.01317437 -2.886056 -0.9972654 0.01463975 0.07243968 111.5178
15.84387 0.04961925 0.008990929 0.9987277 6.192944 0.01713408 0.9998046 -0.009851892 -2.902144 -0.9986213 0.01760112 0.0494555 111.5272
15.94776 0.02913822 0.009131699 0.9995337 6.728517 0.02461286 0.9996485 -0.009850263 -2.917163 -0.9992724 0.0248884 0.02890322 111.5183
16.05174 0.01095538 0.01122155 0.999877 7.282318 0.0299453 0.9994848 -0.01154526 -2.930539 -0.9994915 0.03006809 0.0106137 111.5004
16.15571 -0.003553242 0.01690927 0.9998507 7.855335 0.03158021 0.9993602 -0.01678875 -2.935743 -0.9994949 0.03151583 -0.004084969 111.4905
16.25953 -0.01522981 0.02191925 0.9996437 8.447661 0.0285955 0.9993603 -0.02147739 -2.943016 -0.9994751 0.02825821 -0.01584686 111.4822
16.36339 -0.02198079 0.02258082 0.9995033 9.065751 0.03081249 0.9992852 -0.02189828 -2.953427 -0.9992835 0.03031583 -0.02266085 111.4624
16.46712 -0.02491485 0.0184512 0.9995193 9.708447 0.03655336 0.9991778 -0.01753375 -2.966443 -0.9990211 0.03609893 -0.02556882 111.4331
16.57099 -0.0247879 0.01739682 0.9995413 10.36534 0.03920624 0.9990962 -0.01641679 -2.980253 -0.9989237 0.03878131 -0.02544756 111.4116
16.67485 -0.0231293 0.01652093 0.9995959 11.04173 0.03862182 0.9991318 -0.0156196 -2.993917 -0.9989862 0.03824493 -0.02374729 111.3977
16.77864 -0.02174809 0.01639419 0.999629 11.7305 0.03415289 0.9992941 -0.01564567 -3.009754 -0.99918 0.03379994 -0.02229265 111.3912
16.88261 -0.02066774 0.01829032 0.9996191 12.44057 0.03375051 0.9992755 -0.01758623 -3.02098 -0.9992166 0.03337418 -0.02127008 111.3766
16.98649 -0.01993655 0.01883647 0.9996238 13.16355 0.03319336 0.9992838 -0.01816806 -3.034345 -0.9992501 0.03281866 -0.02054752 111.3612
17.09049 -0.019408 0.01845005 0.9996414 13.9022 0.0330079 0.9992965 -0.01780284 -3.051223 -0.9992667 0.03265054 -0.02000334 111.3451
17.19462 -0.01875443 0.0170365 0.9996789 14.65827 0.03161099 0.999365 -0.01643812 -3.072877 -0.9993243 0.03129255 -0.01928107 111.3363
17.29862 -0.01820959 0.01570494 0.9997108 15.42377 0.03246256 0.9993587 -0.01510811 -3.095311 -0.9993071 0.03217805 -0.01870774 111.324
17.40274 -0.01880614 0.01351924 0.9997317 16.20084 0.03332321 0.9993615 -0.01288739 -3.118178 -0.9992677 0.0330719 -0.01924464 111.3091
17.50674 -0.02016064 0.01196133 0.9997252 16.98099 0.03120717 0.9994487 -0.0113287 -3.141006 -0.9993096 0.0309702 -0.02052281 111.2943
17.61087 -0.02180273 0.01095057 0.9997023 17.76747 0.02961032 0.9995084 -0.01030268 -3.160636 -0.9993237 0.02937688 -0.02211626 111.276
17.715 -0.02322968 0.008366561 0.9996951 18.56541 0.03187309 0.9994628 -0.007623995 -3.176463 -0.999222 0.03168626 -0.02348387 111.2519
17.81912 -0.02447946 0.007293772 0.9996737 19.37151 0.03473776 0.9993757 -0.006440963 -3.193647 -0.9990966 0.03456875 -0.02471755 111.2251
17.92337 -0.02654199 0.005000474 0.9996352 20.18791 0.03034893 0.9995305 -0.00419414 -3.214056 -0.9991869 0.03022653 -0.02668129 111.2066
18.02749 -0.02742417 0.009939064 0.9995745 21.00565 0.02777439 0.9995721 -0.009177032 -3.232298 -0.999238 0.02751089 -0.02768849 111.189
18.13162 -0.02804745 0.0150942 0.9994926 21.82752 0.02924817 0.9994702 -0.01427311 -3.250815 -0.9991786 0.028833 -0.02847408 111.1686
18.23576 -0.02877537 0.01693819 0.9994424 22.65838 0.02997996 0.9994212 -0.01607467 -3.273148 -0.9991363 0.02950068 -0.02926652 111.1497
18.33987 -0.02984141 0.01484383 0.9994444 23.49682 0.02643242 0.9995517 -0.01405621 -3.298255 -0.9992051 0.02599827 -0.0302204 111.1374
18.444 -0.03061397 0.01071316 0.9994739 24.33823 0.02329981 0.9996785 -0.01000168 -3.326366 -0.9992597 0.02298136 -0.03085374 111.128
18.54825 -0.03056497 0.00492869 0.9995206 25.18208 0.02158534 0.9997579 -0.004269793 -3.350402 -0.9992997 0.02144448 -0.03066396 111.111
18.65237 -0.0304909 -0.0005349902 0.9995349 26.02725 0.01837372 0.9998306 0.001095637 -3.370419 -0.9993662 0.01839858 -0.0304759 111.0993
18.7565 -0.03037824 -0.001870939 0.9995367 26.86546 0.01530089 0.9998802 0.002336608 -3.392421 -0.9994214 0.01536478 -0.03034597 111.0866
18.86074 -0.02940461 0.003384421 0.9995618 27.69648 0.01770798 0.9998391 -0.002864439 -3.417654 -0.9994108 0.01761599 -0.02945981 111.0665
18.9649 -0.02823685 0.01516988 0.9994861 28.51752 0.02033913 0.9996865 -0.01459832 -3.439638 -0.9993944 0.01991646 -0.02853654 111.0417
19.06912 -0.02765042 0.02203755 0.9993747 29.34025 0.02260636 0.999515 -0.02141519 -3.464646 -0.999362 0.02200008 -0.0281352 111.0185
19.17327 -0.02636109 0.01615497 0.9995219 30.17178 0.02380199 0.9995961 -0.01552843 -3.494748 -0.9993691 0.02338126 -0.02673496 110.9962
19.2775 -0.02511623 0.007842711 0.9996538 31.00291 0.02644169 0.9996246 -0.007178141 -3.524637 -0.9993348 0.02625224 -0.02531418 110.9727
19.3818 -0.02452145 0.005048207 0.9996865 31.82438 0.02812594 0.9995949 -0.004357843 -3.550386 -0.9993036 0.02801026 -0.02465351 110.9495
19.48591 -0.02448426 0.005625083 0.9996844 32.63728 0.02725401 0.9996162 -0.0049572 -3.574008 -0.9993287 0.02712402 -0.02462818 110.931
19.59034 -0.02520882 0.006438168 0.9996615 33.44955 0.0242846 0.9996881 -0.00582595 -3.59738 -0.9993872 0.02412951 -0.02535731 110.9148
19.69439 -0.02711108 0.006831514 0.9996091 34.25559 0.02235531 0.9997307 -0.006226037 -3.619497 -0.9993825 0.02217777 -0.0272565 110.8957
19.79865 -0.02907136 0.006272478 0.9995576 35.05969 0.0216493 0.9997497 -0.005644034 -3.643377 -0.9993429 0.02147564 -0.02919988 110.8735
19.90293 -0.03118245 0.007053685 0.9994888 35.85953 0.02094508 0.9997601 -0.006402152 -3.668997 -0.9992943 0.02073473 -0.03132271 110.8521
20.00713 -0.03323136 0.007280968 0.9994211 36.65572 0.01909226 0.9997956 -0.006648872 -3.692321 -0.9992653 0.01886025 -0.03336358 110.8323
20.11141 -0.03528758 0.006548349 0.9993557 37.4503 0.01702129 0.9998374 -0.005950483 -3.713275 -0.9992323 0.01680034 -0.0353933 110.8119
20.21566 -0.0373282 0.004989269 0.9992906 38.24062 0.01747571 0.9998378 -0.004339207 -3.739393 -0.9991503 0.01730133 -0.03740934 110.7877
20.31999 -0.03931675 0.004742139 0.9992155 39.02353 0.01720543 0.9998437 -0.004068132 -3.76436 -0.9990787 0.01703198 -0.0393922 110.7603
20.42461 -0.04114167 0.005913874 0.9991358 39.80437 0.01695435 0.9998426 -0.005219929 -3.788915 -0.9990095 0.01672494 -0.04123546 110.7309
20.52859 -0.04213293 0.006779929 0.999089 40.57553 0.01752921 0.999828 -0.006045719 -3.8113 -0.9989583 0.01725851 -0.04224453 110.6977
20.63312 -0.04335089 0.005462525 0.999045 41.34827 0.01953435 0.9997985 -0.00461901 -3.834868 -0.9988689 0.01931545 -0.04344886 110.6618
20.73749 -0.04474975 0.004542984 0.9989879 42.11586 0.01966984 0.9997998 -0.003665569 -3.860486 -0.9988046 0.01948589 -0.04483016 110.626
20.84131 -0.04613078 0.003792299 0.9989282 42.87606 0.01865418 0.9998217 -0.002934241 -3.885455 -0.9987613 0.01849882 -0.0461933 110.5935
20.94551 -0.04752738 0.002697713 0.9988663 43.62563 0.01682637 0.9998566 -0.001899772 -3.908535 -0.9987282 0.01671699 -0.04756596 110.5634
21.04975 -0.04844212 0.001858945 0.9988242 44.35901 0.01563944 0.9998771 -0.001102409 -3.927506 -0.9987036 0.01556764 -0.04846524 110.5329
21.15399 -0.04930024 0.0011211 0.9987834 45.07372 0.01575283 0.9998758 -0.000344766 -3.947128 -0.9986598 0.01571667 -0.04931179 110.5025
21.25828 -0.04963267 0.003439404 0.9987616 45.7787 0.01594992 0.9998693 -0.002650604 -3.968246 -0.9986402 0.01579861 -0.04968105 110.4722
21.36252 -0.04971655 0.006537549 0.998742 46.47919 0.01624219 0.9998516 -0.005736295 -3.990288 -0.9986313 0.01593657 -0.04981536 110.4407
21.46685 -0.04991082 0.008104079 0.9987208 47.17652 0.01435816 0.9998695 -0.00739586 -4.011755 -0.9986505 0.01397065 -0.05002068 110.4123
21.57101 -0.05013018 0.008979031 0.9987023 47.87113 0.01465636 0.9998585 -0.00825375 -4.034285 -0.9986352 0.01422358 -0.05025469 110.3817
21.67551 -0.0501996 0.008863095 0.9986999 48.56561 0.01583562 0.999842 -0.008077259 -4.055339 -0.9986137 0.01540955 -0.05033203 110.3479
21.77963 -0.0504802 0.007914478 0.9986937 49.254 0.01685096 0.999833 -0.00707176 -4.074607 -0.9985829 0.01647196 -0.05060514 110.3152
21.88389 -0.05087475 0.008507834 0.9986688 49.93953 0.01311497 0.9998832 -0.007850075 -4.093812 -0.998619 0.01269814 -0.05098039 110.2891
21.98856 -0.05083338 0.008201674 0.9986735 50.62365 0.01021682 0.9999182 -0.007691857 -4.114385 -0.9986549 0.009812257 -0.05091302 110.2629
22.09253 -0.05069705 0.006789371 0.998691 51.29886 0.01208748 0.9999078 -0.006184045 -4.131756 -0.998641 0.01175814 -0.05077445 110.2291
22.19678 -0.05159813 0.006404684 0.9986474 51.97172 0.01276125 0.999902 -0.005753386 -4.148661 -0.9985864 0.01244713 -0.05167481 110.1946
22.30121 -0.05487974 0.005891529 0.9984756 52.64111 0.009889219 0.9999367 -0.005356609 -4.167844 -0.998444 0.009580171 -0.05493453 110.1638
22.40541 -0.06012039 0.00545629 0.9981762 53.30677 0.005756207 0.9999703 -0.005119404 -4.188031 -0.9981746 0.005437925 -0.06015001 110.132
22.50977 -0.06594365 0.008719935 0.9977852 53.9664 0.008774153 0.9999282 -0.008158784 -4.204714 -0.9977848 0.008216697 -0.06601543 110.0844
22.61414 -0.07232 0.01209615 0.9973081 54.62746 0.0115416 0.9998696 -0.01129028 -4.221113 -0.9973147 0.01069401 -0.07245018 110.0294
22.71892 -0.07976551 0.01367826 0.9967198 55.29672 0.01069626 0.99986 -0.01286536 -4.239741 -0.9967563 0.009634955 -0.07990066 109.9758
22.82268 -0.08610102 0.01289271 0.996203 55.96874 0.007212257 0.9998981 -0.01231719 -4.25974 -0.9962603 0.006124346 -0.08618523 109.9227
22.92691 -0.09151917 0.01184083 0.9957329 56.64512 0.005857237 0.9999184 -0.01135226 -4.283061 -0.9957861 0.004793291 -0.09158106 109.8596
23.03126 -0.09601658 0.01227851 0.995304 57.3246 0.004243196 0.9999199 -0.01192612 -4.30533 -0.9953707 0.003078162 -0.09606099 109.792
23.13572 -0.09999902 0.01143901 0.9949218 58.01252 0.001729848 0.9999344 -0.01132278 -4.323997 -0.9949861 0.0005887941 -0.1000122 109.7249
23.23966 -0.1027987 0.008949224 0.9946619 58.70923 0.00219317 0.9999591 -0.008770224 -4.342226 -0.9946998 0.001279893 -0.1028142 109.6525
23.34394 -0.1045341 0.005579471 0.9945056 59.4186 0.003960115 0.9999786 -0.005193927 -4.360434 -0.9945134 0.003395412 -0.104554 109.5755
23.44815 -0.1063441 0.001341655 0.9943285 60.14241 0.002969012 0.999995 -0.001031768 -4.377079 -0.994325 0.002842448 -0.1063475 109.5029
23.55238 -0.107847 0.00198098 0.9941655 60.86806 0.002647993 0.999995 -0.001705346 -4.390954 -0.994164 0.002448625 -0.1078517 109.4297
23.65651 -0.1085763 0.005064896 0.9940752 61.59653 0.004061801 0.9999809 -0.004651347 -4.404393 -0.9940799 0.003532707 -0.1085948 109.3511
23.76076 -0.1087612 0.009316179 0.9940242 62.32941 0.009639908 0.9999189 -0.00831668 -4.420348 -0.9940212 0.008677766 -0.1088422 109.2651
23.865 -0.1093263 0.01353913 0.9939137 63.06998 0.01724616 0.9997825 -0.01172207 -4.438119 -0.9938563 0.01585966 -0.1095361 109.1742
23.96926 -0.110041 0.01596005 0.9937989 63.81462 0.01875611 0.9997263 -0.01397843 -4.456517 -0.9937501 0.01710159 -0.1103102 109.091
24.07343 -0.1106278 0.01354003 0.9937697 64.56343 0.01662791 0.9997924 -0.01177106 -4.476878 -0.9937228 0.01522211 -0.11083 109.0137
24.17766 -0.110447 0.007719378 0.993852 65.31557 0.01572797 0.9998582 -0.006018181 -4.499677 -0.9937576 0.01496658 -0.1105528 108.9344
24.28189 -0.1105493 0.006344343 0.9938504 66.05966 0.01848372 0.9998198 -0.004326448 -4.57986 -0.9936988 0.01789176 -0.1106467 108.8574
24.38617 -0.1115464 0.005771519 0.9937424 66.80584 0.01874394 0.9998174 -0.003702821 -4.708747 -0.9935825 0.01821361 -0.1116343 108.7907
24.49041 -0.113314 0.006359768 0.9935389 67.54618 0.01731402 0.9998403 -0.00442543 -4.789634 -0.9934084 0.01670068 -0.113406 108.7201
24.59463 -0.1155968 0.00749232 0.9932679 68.28567 0.01688045 0.9998419 -0.005577361 -4.884585 -0.9931528 0.01612208 -0.115705 108.6478
24.69888 -0.1177661 0.007254734 0.9930148 69.02479 0.01758561 0.9998317 -0.005218985 -4.946543 -0.9928857 0.01684815 -0.1178739 108.5668
24.80313 -0.1195878 0.007408337 0.992796 69.77011 0.01837544 0.9998174 -0.005247313 -5.019805 -0.9926536 0.01761554 -0.1197021 108.4826
24.90738 -0.1216743 0.007133093 0.9925444 70.51938 0.01797497 0.999826 -0.004981908 -5.07247 -0.9924073 0.01723478 -0.1217814 108.3983
25.01202 -0.1234095 0.007376899 0.9923284 71.27406 0.01559289 0.9998633 -0.005493731 -5.125756 -0.9922333 0.01479529 -0.1235077 108.316
25.11597 -0.1246446 0.008735687 0.992163 72.02772 0.01595162 0.9998496 -0.006799383 -5.16964 -0.9920733 0.01497909 -0.1247652 108.2285
25.22015 -0.1253808 0.008769852 0.9920699 72.78695 0.01435901 0.9998722 -0.007024095 -5.215003 -0.9920048 0.01336445 -0.1254907 108.1439
25.32443 -0.1267926 0.009328478 0.9918854 73.55163 0.01435415 0.9998683 -0.007568673 -5.250965 -0.9918254 0.01327801 -0.1269098 108.0563
25.42874 -0.1278121 0.007724363 0.9917683 74.32302 0.01476541 0.9998736 -0.005884635 -5.288827 -0.9916885 0.01389173 -0.12791 107.9665
25.53289 -0.1289397 0.005671148 0.9916362 75.09805 0.01260751 0.9999122 -0.004079163 -5.322302 -0.9915723 0.01197609 -0.1289999 107.8742
25.63714 -0.1306425 0.003493916 0.9914234 75.87891 0.009506667 0.9999522 -0.002271259 -5.352632 -0.991384 0.009128405 -0.1306695 107.783
25.74141 -0.1326642 0.002681364 0.9911574 76.66362 0.01026652 0.9999464 -0.001330995 -5.383553 -0.9911079 0.009999156 -0.1326846 107.6848
25.84577 -0.134469 0.003147963 0.9909128 77.45431 0.01159636 0.9999315 -0.001602968 -5.407645 -0.99085 0.01127543 -0.1344963 107.5825
25.95003 -0.1366917 0.004086094 0.9906052 78.24938 0.01100964 0.999936 -0.002605389 -5.427471 -0.9905525 0.01055006 -0.1367279 107.4828
26.05425 -0.1383602 0.007756543 0.9903516 79.0466 0.0118035 0.9999112 -0.006182375 -5.449247 -0.9903117 0.01083422 -0.1384395 107.3781
26.15853 -0.1385896 0.01198577 0.9902774 79.84877 0.01431669 0.9998465 -0.01009797 -5.474046 -0.9902464 0.01277801 -0.1387399 107.2685
26.2628 -0.1397558 0.01572527 0.9900611 80.65616 0.01567534 0.9997837 -0.01366699 -5.497261 -0.990062 0.0136095 -0.139972 107.1591
26.36704 -0.1394963 0.01663944 0.9900828 81.47409 0.01722002 0.9997483 -0.0143757 -5.523123 -0.9900729 0.01504388 -0.1397477 107.0489
26.47127 -0.1390177 0.01633615 0.9901551 82.29746 0.02133374 0.9996813 -0.01349807 -5.550477 -0.9900601 0.01924724 -0.1393219 106.933
26.57555 -0.1388048 0.01447101 0.990214 83.12845 0.02165159 0.9996985 -0.01157458 -5.578164 -0.9900831 0.01983309 -0.1390763 106.8232
26.67976 -0.1381253 0.01301215 0.9903293 83.96282 0.02122319 0.999723 -0.0101755 -5.600569 -0.9901874 0.01961245 -0.1383632 106.7162
26.784 -0.1364016 0.01076811 0.9905951 84.80162 0.01993126 0.9997683 -0.008123363 -5.624186 -0.9904531 0.01863576 -0.1365847 106.6094
26.88831 -0.1347013 0.007330803 0.9908591 85.65017 0.02069307 0.9997753 -0.004583676 -5.645151 -0.9906702 0.01988649 -0.1348228 106.4988
26.99243 -0.1329181 0.003962549 0.9911191 86.49919 0.02109774 0.9997767 -0.001167768 -5.665219 -0.9909025 0.02075515 -0.1329721 106.3903
27.09669 -0.1311869 0.00319423 0.9913525 87.34879 0.01948757 0.9998099 -0.0006426705 -5.689906 -0.9911661 0.01923473 -0.1312243 106.2858
27.20089 -0.1297945 0.007040084 0.9915159 88.19557 0.02040016 0.9997821 -0.004428295 -5.717941 -0.9913311 0.01965231 -0.1299099 106.1799
27.30519 -0.1276834 0.01337617 0.9917248 89.04327 0.02072071 0.9997268 -0.01081634 -5.742522 -0.9915985 0.01916817 -0.1279257 106.0757
27.40941 -0.1261059 0.01693562 0.9918722 89.89495 0.01946295 0.999704 -0.01459484 -5.767415 -0.9918259 0.01746426 -0.1263982 105.9776
27.51364 -0.1243722 0.01491375 0.9921235 90.75627 0.01760024 0.9997629 -0.01282223 -5.799013 -0.9920796 0.01586688 -0.1246052 105.8789
27.61788 -0.1234953 0.01196673 0.992273 91.62156 0.01793269 0.9997909 -0.009825554 -5.830094 -0.9921832 0.0165807 -0.123684 105.7772
27.72241 -0.1228619 0.01031533 0.9923702 92.48727 0.01866495 0.9997931 -0.008081658 -5.857296 -0.9922483 0.0175296 -0.123029 105.6748
27.82641 -0.1221479 0.01038791 0.9924575 93.34712 0.0187384 0.9997911 -0.008158425 -5.883872 -0.992335 0.01760053 -0.122317 105.5741
27.93064 -0.1217251 0.00988178 0.9925146 94.21112 0.0175407 0.9998157 -0.007803231 -5.910917 -0.9924089 0.01645954 -0.121876 105.4745
28.03497 -0.1209477 0.008898539 0.992619 95.07445 0.02017227 0.9997753 -0.006504768 -5.936408 -0.9924539 0.01923664 -0.1211 105.3717
28.13915 -0.1198438 0.007271893 0.9927661 95.93646 0.02234193 0.9997397 -0.004625927 -5.961976 -0.9925414 0.02162592 -0.1199751 105.2677
28.24341 -0.1190352 0.008848992 0.9928506 96.79086 0.0251626 0.999666 -0.005892938 -5.986691 -0.9925712 0.02428123 -0.1192181 105.1663
28.34763 -0.1183018 0.01141515 0.9929121 97.64589 0.02579424 0.9996318 -0.008419119 -6.012871 -0.9926426 0.02461541 -0.1185527 105.0653
28.45191 -0.1174633 0.01238153 0.993 98.49885 0.02292434 0.9996896 -0.009753196 -6.038151 -0.9928126 0.02161822 -0.1177107 104.9697
28.55614 -0.1171821 0.009006918 0.9930696 99.35201 0.01820885 0.9998102 -0.006919417 -6.066471 -0.9929435 0.01727182 -0.1173239 104.8776
28.66038 -0.1172208 0.005690447 0.9930896 100.202 0.01305697 0.999906 -0.004188312 -6.095973 -0.9930201 0.01247578 -0.117284 104.7876
28.7648 -0.1183671 0.006041275 0.9929515 101.0431 0.009720484 0.9999406 -0.00492505 -6.123256 -0.9929224 0.009069002 -0.1184188 104.6963
28.86901 -0.1197342 0.01068369 0.9927485 101.8778 0.006446464 0.9999294 -0.009983472 -6.148741 -0.9927851 0.005204352 -0.1197946 104.6056
28.97327 -0.1204827 0.01352048 0.9926233 102.7081 0.005467535 0.9999011 -0.01295597 -6.174259 -0.9927004 0.00386623 -0.1205447 104.5111
29.07751 -0.1209697 0.01392892 0.9925585 103.5359 0.006373522 0.9998918 -0.01325505 -6.203992 -0.9926358 0.004722631 -0.1210454 104.414
29.1818 -0.1214188 0.01298786 0.9925164 104.3613 0.007534352 0.9998976 -0.01216274 -6.235915 -0.9925728 0.006001179 -0.1215042 104.3147
29.28611 -0.1220013 0.01359193 0.9924369 105.1785 0.008617162 0.999883 -0.01263459 -6.267117 -0.9924926 0.00701055 -0.1221041 104.2165
29.39027 -0.1225016 0.0164598 0.9923318 105.9907 0.009949292 0.9998326 -0.015356 -6.29876 -0.9924185 0.007991859 -0.1226449 104.1174
29.49456 -0.1231222 0.01819136 0.9922248 106.7982 0.009661891 0.9998065 -0.01713145 -6.331199 -0.9923445 0.007477501 -0.1232742 104.0206
29.59879 -0.124302 0.01823554 0.9920768 107.6027 0.007972666 0.9998172 -0.01737889 -6.362544 -0.9922124 0.005749264 -0.1244246 103.9256
29.70309 -0.1264559 0.01749424 0.9918179 108.4014 0.006222075 0.9998388 -0.01684242 -6.396279 -0.9919528 0.00404134 -0.1265443 103.8301
29.80727 -0.1296089 0.01774251 0.9914064 109.1918 0.005753134 0.9998365 -0.01714126 -6.429851 -0.9915485 0.003482031 -0.1296898 103.7315
29.91166 -0.1327292 0.02076343 0.9909348 109.977 0.005471096 0.9997806 -0.02021597 -6.461637 -0.9911373 0.002738246 -0.1328137 103.6312
30.01591 -0.1362271 0.02224775 0.9904278 110.7566 0.004321779 0.9997516 -0.02186276 -6.493157 -0.9906682 0.001302107 -0.1362894 103.5305
30.12014 -0.1393824 0.02211545 0.9899916 111.5346 0.004017233 0.999755 -0.02176797 -6.526005 -0.9902305 0.0009429535 -0.1394371 103.4269
