0 1 1.197625e-11 1.704638e-10 0 1.197625e-11 1 3.562503e-10 -1.110223e-16 1.704638e-10 3.562503e-10 1 2.220446e-16
0.1044989 0.9999995 0.0007196824 -0.0006870876 -0.01401751 -0.0007197717 0.9999997 -0.0001295633 -0.02820321 0.0006869946 0.0001300585 0.9999998 1.198998
0.2077935 0.9999981 0.00143088 -0.001366265 -0.02787365 -0.001431233 0.9999989 -0.0002576187 -0.0560812 0.001365895 0.0002595743 0.999999 2.384181
0.3116343 0.9999956 0.002145639 -0.002049036 -0.0418032 -0.002146435 0.9999976 -0.0003863468 -0.08410629 0.002048203 0.0003907438 0.9999978 3.575628
0.415494 0.9999922 0.002860329 -0.002731935 -0.05573543 -0.002861747 0.9999957 -0.0005150906 -0.1121362 0.002730451 0.0005229053 0.9999961 4.767291
0.519644 0.9999878 0.003576816 -0.003416746 -0.06970674 -0.003579038 0.9999934 -0.0006441878 -0.1402442 0.00341442 0.0006564092 0.999994 5.962283
0.6234014 0.9999824 0.0042904 -0.004098979 -0.08362554 -0.004293603 0.9999905 -0.0007727885 -0.1682458 0.004095625 0.0007903748 0.9999913 7.152769
0.7273457 0.999976 0.005005068 -0.004782444 -0.09756958 -0.005009436 0.999987 -0.0009016141 -0.1962977 0.00477787 0.0009255504 0.9999882 8.3454
0.8311796 0.9999687 0.005718771 -0.005465184 -0.1114989 -0.005724485 0.9999831 -0.001030294 -0.2243193 0.005459201 0.001061548 0.9999845 9.536762
0.9350305 0.9999604 0.006432384 -0.006148038 -0.1254307 -0.006439629 0.9999786 -0.001158988 -0.2523452 0.006140452 0.001198534 0.9999804 10.72832
1.038877 0.9999511 0.007145767 -0.006830869 -0.1393621 -0.007154725 0.9999736 -0.001287669 -0.2803697 0.006821488 0.00133648 0.9999758 11.91983
1.142774 0.9999409 0.007859281 -0.007514028 -0.1533004 -0.00787014 0.999968 -0.001416404 -0.3084073 0.007502657 0.001475458 0.9999708 13.11191
1.246636 0.9999311 0.008435908 -0.00816322 -0.1671408 -0.008448594 0.9999631 -0.001520606 -0.3362948 0.008150093 0.00158947 0.9999655 14.30348
1.350553 0.9999063 0.01021484 -0.009110264 -0.181814 -0.01023202 0.9999459 -0.001840097 -0.3654237 0.009090976 0.001933142 0.9999568 15.49659
1.45441 0.9999049 0.009942671 -0.009559126 -0.1950729 -0.009960151 0.9999488 -0.001782531 -0.3924445 0.009540914 0.001877572 0.9999527 16.68758
1.558293 0.9999045 0.009373887 -0.01015134 -0.2081761 -0.009389118 0.9999548 -0.001453538 -0.4191514 0.01013726 0.001548712 0.9999474 17.88104
1.662157 0.9999026 0.009037036 -0.01063812 -0.2220687 -0.009048731 0.9999585 -0.001051573 -0.4450814 0.01062817 0.001147733 0.9999429 19.07663
1.766057 0.9998928 0.009270131 -0.0113331 -0.2372951 -0.009293058 0.9999548 -0.001971849 -0.4715143 0.01131431 0.002076957 0.9999338 20.27019
1.87009 0.9998895 0.009007105 -0.01182761 -0.2531559 -0.009043321 0.9999545 -0.003011911 -0.4977817 0.01179995 0.003118539 0.9999255 21.46468
1.973923 0.9998739 0.009613273 -0.01263921 -0.2707637 -0.009644484 0.9999506 -0.00241051 -0.5247441 0.01261541 0.002532105 0.9999172 22.65883
2.077874 0.9998622 0.009849565 -0.01336112 -0.2887908 -0.009880847 0.9999486 -0.002277132 -0.5527301 0.01333801 0.002408838 0.9999082 23.85296
2.181756 0.9998496 0.009852334 -0.01427518 -0.3071147 -0.009896726 0.9999464 -0.003042267 -0.5812326 0.01424445 0.003183087 0.9998935 25.04684
2.285652 0.9998348 0.01011489 -0.01510546 -0.3273512 -0.01015685 0.9999447 -0.002703181 -0.6069839 0.01507729 0.002856158 0.9998823 26.2431
2.389627 0.9998322 0.00925498 -0.01580829 -0.3472488 -0.009264587 0.9999569 -0.0005344808 -0.6329432 0.01580266 0.000680849 0.9998749 27.44168
2.493488 0.9998234 0.008611256 -0.01670535 -0.3677985 -0.008617934 0.9999628 -0.0003276812 -0.6565642 0.01670191 0.0004715896 0.9998604 28.63712
2.597363 0.9998146 0.007984938 -0.01751954 -0.3892136 -0.008016013 0.9999664 -0.001704144 -0.6824261 0.01750535 0.001844266 0.9998451 29.8283
2.701441 0.9998008 0.007461297 -0.01851044 -0.4112762 -0.007508905 0.9999686 -0.002503665 -0.7087202 0.01849118 0.00264216 0.9998255 31.02794
2.806098 0.9997835 0.007872528 -0.01925948 -0.4357161 -0.007922232 0.9999655 -0.002505745 -0.7356474 0.01923909 0.002657781 0.9998114 32.23193
2.909338 0.9997742 0.007403986 -0.01991672 -0.4596533 -0.007444296 0.9999704 -0.001950489 -0.7632533 0.01990169 0.002098315 0.9997997 33.42024
3.013136 0.999763 0.007159487 -0.02056208 -0.4846981 -0.007195731 0.9999727 -0.00168915 -0.7915945 0.02054943 0.001836709 0.9997872 34.6148
3.117132 0.9997578 0.006402722 -0.02105455 -0.509819 -0.006438109 0.9999779 -0.001613319 -0.8182722 0.02104376 0.001748481 0.999777 35.81256
3.221 0.9997447 0.006469361 -0.02164904 -0.5367057 -0.006505831 0.9999775 -0.001614507 -0.8457827 0.02163811 0.001754941 0.9997643 37.00928
3.32499 0.9997456 0.005595697 -0.02184987 -0.5627412 -0.005621433 0.9999836 -0.00111657 -0.8734675 0.02184326 0.001239114 0.9997606 38.2069
3.428991 0.9997469 0.005730089 -0.02175759 -0.5904619 -0.005729521 0.9999836 8.851327e-05 -0.9001114 0.02175774 3.617047e-05 0.9997633 39.40549
3.533061 0.9997473 0.006200803 -0.02160647 -0.6181703 -0.006179958 0.9999803 0.001031475 -0.9268582 0.02161244 -0.000897686 0.999766 40.60244
3.636879 0.9997432 0.006994168 -0.02155419 -0.6466319 -0.006982521 0.9999754 0.0006156644 -0.9531287 0.02155797 -0.0004650029 0.9997675 41.79871
3.74087 0.9997393 0.007822383 -0.02144963 -0.675668 -0.007813016 0.9999693 0.0005205581 -0.9776312 0.02145304 -0.0003528353 0.9997698 42.99592
3.844868 0.9997217 0.01079817 -0.0209768 -0.708016 -0.01075808 0.9999401 0.002023359 -1.000412 0.0209974 -0.001797125 0.9997779 44.19563
3.948871 0.9997511 0.01107363 -0.01936701 -0.7358613 -0.01097598 0.9999265 0.005141411 -1.020365 0.01942252 -0.004927557 0.9997992 45.39563
4.052745 0.9997773 0.01163716 -0.01760589 -0.7617275 -0.0115 0.9999029 0.007871628 -1.037444 0.01769578 -0.007667405 0.999814 46.59612
4.156747 0.9998038 0.0119197 -0.01582127 -0.784447 -0.01174383 0.9998687 0.01116292 -1.051207 0.01595226 -0.01097492 0.9998125 47.80149
4.260741 0.9998273 0.01160707 -0.01451319 -0.8050204 -0.01141471 0.9998468 0.01326758 -1.064092 0.01466497 -0.01309962 0.9998067 49.00454
4.364619 0.9998655 0.009923126 -0.01305597 -0.822002 -0.009772672 0.9998857 0.01153769 -1.07385 0.01316897 -0.01140854 0.9998482 50.20348
4.46862 0.999874 0.01039847 -0.01199806 -0.8402902 -0.01028811 0.9999045 0.009223321 -1.085315 0.01209283 -0.009098718 0.9998855 51.40457
4.572617 0.9998708 0.01154741 -0.0111836 -0.859463 -0.01144656 0.9998936 0.00904029 -1.098286 0.0112868 -0.008911106 0.9998966 52.60583
4.676494 0.999882 0.01057346 -0.01114335 -0.8753783 -0.01047818 0.9999083 0.008574574 -1.112635 0.01123299 -0.008456798 0.9999012 53.81125
4.780371 0.9998803 0.009904895 -0.01188406 -0.892873 -0.009811863 0.9999209 0.007861425 -1.127883 0.01196099 -0.007743878 0.9998985 55.0152
4.884244 0.9998592 0.01007197 -0.01341953 -0.9118602 -0.009967695 0.9999198 0.007815017 -1.143152 0.01349716 -0.007680153 0.9998794 56.22027
4.988118 0.9998373 0.01009708 -0.01494468 -0.9332309 -0.009958179 0.9999068 0.009339764 -1.160687 0.01503759 -0.009189421 0.9998447 57.42777
5.091994 0.9998225 0.01009404 -0.01590911 -0.956215 -0.009940127 0.9999033 0.009724525 -1.175655 0.01600573 -0.009564658 0.9998262 58.63262
5.195994 0.9997987 0.01105266 -0.01674529 -0.981436 -0.01089512 0.9998958 0.009469924 -1.190278 0.01684822 -0.009285574 0.9998149 59.83857
5.299899 0.9997821 0.01144537 -0.01745778 -1.006715 -0.01128333 0.9998926 0.009352647 -1.2056 0.01756296 -0.009153625 0.9998039 61.04209
5.403745 0.9997862 0.01080107 -0.01763248 -1.031126 -0.01064714 0.9999046 0.008800715 -1.22132 0.01772586 -0.008611096 0.9998058 62.24563
5.507756 0.9997955 0.009508883 -0.01785067 -1.053863 -0.00937052 0.9999255 0.007818952 -1.237483 0.01792369 -0.00765008 0.9998101 63.44747
5.611618 0.999793 0.00908842 -0.01820103 -1.078473 -0.00893026 0.9999218 0.008752215 -1.251701 0.01827916 -0.008587861 0.999796 64.64755
5.715493 0.9997889 0.00908306 -0.01842881 -1.103193 -0.008882419 0.9999007 0.01094025 -1.267101 0.01852635 -0.01077425 0.9997703 65.8504
5.819513 0.9997792 0.009523957 -0.01872882 -1.129538 -0.00934732 0.9999112 0.009496443 -1.281112 0.0188176 -0.00931928 0.9997795 67.04761
5.923372 0.9997624 0.01103353 -0.01880211 -1.15768 -0.01088822 0.9999102 0.007813077 -1.293922 0.01888663 -0.007606496 0.9997927 68.24107
6.027387 0.9997347 0.01319593 -0.01887929 -1.18693 -0.01304722 0.999883 0.007978688 -1.309417 0.01898237 -0.007730246 0.9997899 69.43527
6.131261 0.9997104 0.01500435 -0.01881231 -1.215316 -0.01485154 0.9998558 0.008236958 -1.324678 0.01893319 -0.007955179 0.9997891 70.62616
6.235244 0.9996883 0.01665714 -0.0185977 -1.243226 -0.01649733 0.9998259 0.008713768 -1.339456 0.01873961 -0.008404237 0.9997891 71.816
6.339121 0.9996991 0.01706543 -0.0176236 -1.268567 -0.01689744 0.9998108 0.009637712 -1.355743 0.01778473 -0.009337016 0.9997983 73.00219
6.44312 0.9997036 0.0187315 -0.01555211 -1.292838 -0.01857394 0.9997753 0.01021438 -1.37147 0.01573995 -0.009922484 0.9998269 74.18749
6.547122 0.999752 0.01814331 -0.01291317 -1.310252 -0.01802225 0.9997931 0.009430321 -1.390125 0.0130816 -0.009195255 0.9998722 75.36554
6.651123 0.9998364 0.01463832 -0.01062524 -1.320138 -0.01459781 0.9998859 0.003880945 -1.407515 0.01068084 -0.003725203 0.999936 76.54079
6.755121 0.9998511 0.01519312 -0.008185862 -1.33092 -0.01517584 0.9998825 0.002169593 -1.427085 0.008217863 -0.002045042 0.9999642 77.7163
6.859122 0.999881 0.01450242 -0.005257612 -1.33795 -0.01447064 0.9998771 0.006033895 -1.448797 0.005344472 -0.005957094 0.999968 78.8946
6.963119 0.9998917 0.01459305 -0.001933843 -1.340942 -0.01457722 0.999862 0.007962398 -1.468534 0.002049772 -0.007933343 0.9999664 80.06843
7.06712 0.999885 0.01502471 0.002051608 -1.34229 -0.01503622 0.9998706 0.005712941 -1.485826 -0.001965507 -0.005743131 0.9999816 81.23454
7.17112 0.999885 0.01413375 0.005503277 -1.335651 -0.01415117 0.9998949 0.003138992 -1.506096 -0.005458334 -0.003216507 0.9999799 82.39913
7.275124 0.9998797 0.01272917 0.008863339 -1.323865 -0.01272312 0.9999188 -0.0007394368 -1.530312 -0.008872032 0.0006265791 0.9999605 83.55801
7.379122 0.9998558 0.01187376 0.01214485 -1.309268 -0.01185235 0.9999281 -0.001833271 -1.555472 -0.01216575 0.001689062 0.9999246 84.71745
7.483122 0.9998073 0.01167643 0.01578168 -1.292993 -0.01167891 0.9999318 6.528232e-05 -1.580587 -0.01577984 -0.0002495819 0.9998755 85.87696
7.587125 0.999726 0.01277107 0.01961989 -1.273121 -0.01279238 0.9999177 0.0009604842 -1.605074 -0.01960601 -0.001211205 0.9998071 87.03114
7.691125 0.9996514 0.01244423 0.02328416 -1.247131 -0.01241599 0.999922 -0.001357177 -1.630673 -0.02329923 0.001067609 0.999728 88.18383
7.795143 0.9995737 0.01212483 0.02656002 -1.216671 -0.01202445 0.9999199 -0.003935727 -1.656163 -0.02660561 0.003614679 0.9996395 89.33336
7.899123 0.9994807 0.01221273 0.02981802 -1.182745 -0.01208868 0.9999175 -0.00433684 -1.683163 -0.02986853 0.003974127 0.9995459 90.48344
8.003122 0.9994064 0.01086439 0.03269309 -1.144128 -0.01076847 0.9999372 -0.003108733 -1.710419 -0.03272481 0.002754834 0.9994606 91.63655
8.107122 0.9993189 0.01010851 0.03549009 -1.10175 -0.01005139 0.9999479 -0.001787571 -1.736086 -0.03550631 0.001429629 0.9993684 92.79129
8.211127 0.9992253 0.009287854 0.03824408 -1.056015 -0.009297315 0.9999568 6.948751e-05 -1.76065 -0.03824179 -0.0004250003 0.9992684 93.94713
8.315124 0.9991384 0.008157564 0.0406936 -1.006119 -0.008214536 0.9999655 0.001232957 -1.785071 -0.04068214 -0.001566173 0.9991709 95.10262
8.419122 0.9990531 0.006863193 0.0429619 -0.953966 -0.006830006 0.9999762 -0.0009192473 -1.809543 -0.04296719 0.0006249473 0.9990763 96.25538
8.523125 0.9989655 0.00539851 0.04515419 -0.8975398 -0.005201348 0.9999764 -0.004482798 -1.834871 -0.04517733 0.004243297 0.99897 97.41317
8.627137 0.9988685 0.005748713 0.04720814 -0.8410031 -0.005394134 0.9999563 -0.007634949 -1.861916 -0.04724997 0.007371663 0.9988559 98.57222
8.731123 0.9987897 0.005894856 0.04883027 -0.7820453 -0.0054781 0.9999474 -0.008664245 -1.891643 -0.04887878 0.00838626 0.9987695 99.73968
8.835121 0.9987595 0.005954325 0.04943638 -0.7233569 -0.005563042 0.9999521 -0.008048731 -1.922457 -0.04948194 0.007763729 0.9987449 100.9141
8.939122 0.998795 0.006151443 0.0486906 -0.6655319 -0.005864212 0.9999645 -0.006039799 -1.953029 -0.04872603 0.005746988 0.9987957 102.0947
9.043123 0.9988645 0.005468002 0.04732677 -0.6077182 -0.005265287 0.9999764 -0.004406917 -1.983093 -0.04734975 0.004152724 0.9988697 103.2788
9.147125 0.9989556 0.005748434 0.04532808 -0.5505715 -0.005583725 0.9999773 -0.003759517 -2.012875 -0.04534867 0.003502491 0.9989651 104.47
9.251125 0.9990632 0.005895617 0.04287054 -0.4977483 -0.005765335 0.9999784 -0.003161991 -2.041118 -0.04288825 0.002911866 0.9990756 105.6679
9.355001 0.9991887 0.006377172 0.03976665 -0.4483272 -0.006255912 0.9999754 -0.003173039 -2.069739 -0.03978591 0.002921688 0.999204 106.8672
9.459001 0.9993208 0.007835242 0.0360076 -0.4053771 -0.00771488 0.9999642 -0.003480448 -2.098282 -0.03603358 0.00320029 0.9993455 108.0719
9.562998 0.9994529 0.007975423 0.03209954 -0.3651076 -0.007874505 0.9999636 -0.003269149 -2.127 -0.03212445 0.003014592 0.9994793 109.2786
9.666891 0.9995691 0.00862227 0.02805899 -0.3290753 -0.008565552 0.999961 -0.002141033 -2.156853 -0.02807636 0.00189977 0.999604 110.4916
9.770876 0.9996794 0.008809002 0.02373857 -0.2985283 -0.008780628 0.9999606 -0.001299316 -2.185665 -0.02374908 0.001090461 0.9997174 111.7073
9.87475 0.9997737 0.00896404 0.01929126 -0.2726718 -0.008955499 0.9999597 -0.0005291835 -2.213402 -0.01929523 0.0003563015 0.9998138 112.9237
9.97877 0.9998512 0.009347451 0.0145022 -0.2537792 -0.009343926 0.9999563 -0.0003109408 -2.240145 -0.01450447 0.0001753877 0.9998948 114.1425
10.08275 0.9999025 0.01017829 0.009563341 -0.2415523 -0.01017616 0.9999482 -0.0002718613 -2.267804 -0.009565613 0.0001745173 0.9999542 115.3628
10.18662 0.9999322 0.01069373 0.004603702 -0.2340717 -0.01069143 0.9999427 -0.0005259432 -2.29683 -0.004609062 0.000476688 0.9999893 116.586
10.29063 0.999933 0.01157952 -4.926628e-05 -0.2325711 -0.01157957 0.9999323 -0.001083758 -2.327575 3.671389e-05 0.001084256 0.9999994 117.8116
10.39463 0.999903 0.01341513 -0.003741016 -0.2372931 -0.01342029 0.999909 -0.001356297 -2.358001 0.003722482 0.001406371 0.9999921 119.0399
10.49862 0.9998586 0.01576019 -0.005858555 -0.246444 -0.01576711 0.999875 -0.001137254 -2.388148 0.0058399 0.001229467 0.9999822 120.2714
10.60263 0.999837 0.01671111 -0.006828606 -0.2562318 -0.0167211 0.9998592 -0.001409243 -2.417424 0.006804096 0.001523196 0.9999757 121.5013
10.70675 0.9997912 0.01884223 -0.007907589 -0.2696789 -0.01885055 0.9998218 -0.0009793676 -2.444635 0.007887727 0.001128226 0.9999683 122.7424
10.81075 0.9997552 0.02025636 -0.00889889 -0.2835717 -0.02025535 0.9997948 0.0002043085 -2.4715 0.008901204 -2.400768e-05 0.9999604 123.9829
10.91475 0.9997474 0.02029456 -0.009654303 -0.2970155 -0.02029377 0.999794 0.0001809995 -2.498919 0.009655989 1.496909e-05 0.9999534 125.2241
11.01875 0.9996672 0.0235682 -0.01049308 -0.3168152 -0.02354959 0.9997208 0.001894705 -2.521615 0.01053481 -0.001646965 0.9999432 126.4702
11.12275 0.9996212 0.02520161 -0.01106575 -0.336076 -0.02514942 0.999672 0.004830972 -2.543289 0.01118387 -0.004550843 0.9999271 127.7202
11.22675 0.9996376 0.02417676 -0.01184163 -0.3532043 -0.02411481 0.9996949 0.00534702 -2.561295 0.0119673 -0.005059522 0.9999156 128.9699
11.33077 0.9996381 0.02388106 -0.01238522 -0.3704424 -0.02384011 0.9997098 0.003443432 -2.578125 0.01246386 -0.003146919 0.9999174 130.2201
11.43462 0.99969 0.02116355 -0.0131168 -0.384545 -0.0211108 0.9997685 0.004147837 -2.59617 0.01320155 -0.003869644 0.9999054 131.4756
11.53863 0.999723 0.01881769 -0.01413891 -0.3976226 -0.01873314 0.999806 0.006088651 -2.614808 0.01425075 -0.005822097 0.9998815 132.7335
11.64263 0.9997671 0.01603321 -0.01444671 -0.4133731 -0.01591964 0.9998417 0.007941936 -2.631357 0.01457176 -0.007710097 0.9998641 133.9959
11.74663 0.9997891 0.01427647 -0.01476542 -0.4299121 -0.01413295 0.9998523 0.009779037 -2.64614 0.01490285 -0.009568293 0.9998432 135.2593
11.85063 0.9998429 0.009895168 -0.01470929 -0.4438867 -0.009781329 0.9999218 0.007791337 -2.660056 0.01478524 -0.007646234 0.9998615 136.5226
11.95462 0.999865 0.007231494 -0.01475431 -0.4570556 -0.007142445 0.999956 0.006079343 -2.675992 0.01479762 -0.005973139 0.9998727 137.7895
12.0585 0.9998778 0.005644588 -0.01457692 -0.472057 -0.005557022 0.9999663 0.006040789 -2.693213 0.01461053 -0.005959045 0.9998755 139.0568
12.1625 0.999882 0.005598248 -0.01430578 -0.490815 -0.005506331 0.999964 0.006456574 -2.711316 0.01434142 -0.006377037 0.9998768 140.3306
12.26652 0.9998897 0.005971145 -0.01360251 -0.5099508 -0.005859504 0.9999489 0.008232571 -2.728134 0.01365098 -0.008151956 0.9998736 141.606
12.37038 0.99988 0.008591962 -0.01289361 -0.5316574 -0.008463478 0.9999143 0.00998678 -2.744134 0.01297831 -0.009876454 0.999867 142.8802
12.47437 0.9998866 0.008660587 -0.01231871 -0.5501461 -0.008547757 0.9999213 0.00918276 -2.759529 0.01239727 -0.009076419 0.999882 144.153
12.57837 0.999889 0.008954282 -0.01191151 -0.5681071 -0.008876444 0.999939 0.006571729 -2.775354 0.01196963 -0.006465265 0.9999075 145.4241
12.68225 0.9998925 0.00910511 -0.01149425 -0.586224 -0.009053901 0.9999489 0.004499613 -2.79483 0.01153464 -0.00439506 0.9999238 146.694
12.78625 0.9999061 0.007812498 -0.01125845 -0.6015689 -0.007808799 0.9999694 0.0003725598 -2.818864 0.01126102 -0.000284609 0.9999366 147.9611
12.89025 0.999911 0.007891193 -0.01075911 -0.6184009 -0.00792518 0.9999637 -0.003119781 -2.844547 0.0107341 0.003204771 0.9999373 149.227
12.99413 0.9999147 0.007643519 -0.01059073 -0.6344428 -0.007688832 0.9999614 -0.004244256 -2.875057 0.01055788 0.004325325 0.9999349 150.4924
13.09813 0.9999151 0.007470657 -0.01068148 -0.6492857 -0.007512242 0.9999643 -0.003858175 -2.908757 0.01065227 0.003938089 0.9999355 151.7562
13.20213 0.9999104 0.008117233 -0.01064694 -0.6669047 -0.008155002 0.9999606 -0.003508696 -2.939717 0.01061804 0.003595208 0.9999372 153.0248
13.306 0.9999008 0.008932264 -0.01088975 -0.6841745 -0.008957684 0.9999572 -0.002287657 -2.969914 0.01086885 0.002384978 0.9999381 154.2883
13.41 0.9998937 0.009403347 -0.01114181 -0.703475 -0.009423055 0.9999541 -0.001717437 -2.997619 0.01112515 0.001822245 0.9999365 155.5533
13.51401 0.999885 0.009671333 -0.01168366 -0.7212308 -0.009694938 0.999951 -0.001965176 -3.024885 0.01166408 0.002078223 0.9999298 156.8169
13.61788 0.9998742 0.009992074 -0.01232232 -0.7401339 -0.01001482 0.9999482 -0.001785279 -3.051707 0.01230385 0.001908461 0.9999225 158.0778
13.72188 0.9998709 0.009437093 -0.01300483 -0.7581397 -0.009446748 0.9999551 -0.0006809684 -3.079341 0.01299782 0.0008037345 0.9999152 159.3422
13.82575 0.9998535 0.01030765 -0.01366465 -0.7785169 -0.01031359 0.9999467 -0.0003643023 -3.10733 0.01366017 0.0005051812 0.9999066 160.6037
13.92975 0.999842 0.01059246 -0.0142772 -0.7989665 -0.01061205 0.9999428 -0.001296387 -3.135262 0.01426265 0.001447693 0.9998972 161.8641
14.03375 0.9998251 0.01103635 -0.01510106 -0.8210143 -0.01107364 0.9999358 -0.002387686 -3.16234 0.01507374 0.002554492 0.9998831 163.1262
14.13775 0.999806 0.01187481 -0.01571594 -0.8448485 -0.01191344 0.9999262 -0.002366601 -3.191224 0.01568668 0.002553373 0.9998737 164.3903
14.24163 0.9997991 0.01155638 -0.01637606 -0.8676072 -0.01160774 0.999928 -0.003044212 -3.221845 0.01633971 0.00323369 0.9998613 165.6519
14.34563 0.9997825 0.01181146 -0.0171891 -0.8915914 -0.01188598 0.9999203 -0.004239466 -3.252329 0.01713766 0.004442854 0.9998433 166.9143
14.44965 0.9997696 0.01198696 -0.01780678 -0.9159259 -0.01206133 0.9999189 -0.004074819 -3.282708 0.0177565 0.004288653 0.9998332 168.1765
14.55363 0.9997523 0.01233623 -0.01852434 -0.9418036 -0.01238731 0.9999198 -0.002645128 -3.313952 0.01849023 0.002873939 0.9998249 169.4414
14.6575 0.9997374 0.01240974 -0.01926473 -0.9682551 -0.01245386 0.9999201 -0.002172174 -3.3446 0.01923624 0.002411524 0.9998121 170.7047
14.76151 0.9997203 0.01277294 -0.01990499 -0.9957698 -0.01281257 0.9999162 -0.001864756 -3.373848 0.0198795 0.002119268 0.9998001 171.9707
14.86538 0.9997 0.01321051 -0.02062505 -1.024319 -0.01324422 0.9999111 -0.001498835 -3.402447 0.02060342 0.001771549 0.9997862 173.2343
14.96938 0.9996846 0.01341994 -0.02122912 -1.053647 -0.01347116 0.9999067 -0.002271637 -3.431925 0.02119666 0.002556902 0.9997721 174.4983
15.07325 0.9996607 0.01445123 -0.02167176 -1.083166 -0.01451821 0.9998903 -0.002936385 -3.461238 0.02162695 0.003250024 0.9997608 175.759
15.17725 0.9996489 0.01465281 -0.02207794 -1.111965 -0.01470976 0.9998889 -0.002418874 -3.491932 0.02204005 0.002742786 0.9997533 177.0264
15.28126 0.9996424 0.01457372 -0.02241892 -1.14094 -0.01465169 0.9998871 -0.003317459 -3.523533 0.02236804 0.003644748 0.9997432 178.2891
15.38513 0.9996589 0.01325812 -0.02250071 -1.167498 -0.01337849 0.9998969 -0.005207424 -3.555449 0.02242935 0.005506673 0.9997333 179.5492
15.48913 0.9996874 0.01030641 -0.02277718 -1.193384 -0.01041999 0.9999338 -0.00487375 -3.587083 0.02272545 0.005109565 0.9997287 180.8107
15.59313 0.9996814 0.01024882 -0.02306885 -1.220912 -0.01028926 0.9999457 -0.001634951 -3.617217 0.02305085 0.001871792 0.9997326 182.0722
15.697 0.9996814 0.01002918 -0.02316311 -1.249819 -0.009950237 0.9999443 0.003520889 -3.644685 0.02319713 -0.003289288 0.9997255 183.3367
15.80101 0.9996734 0.01036281 -0.02336066 -1.280267 -0.01030116 0.9999431 0.002757641 -3.669131 0.02338791 -0.002516097 0.9997233 184.5934
15.90501 0.9996606 0.01201921 -0.02311524 -1.311919 -0.01202986 0.9999276 -0.0003217053 -3.694209 0.0231097 0.00059967 0.9997328 185.8431
16.00901 0.9996501 0.01230447 -0.02341722 -1.342768 -0.01236717 0.9999203 -0.002534452 -3.722358 0.02338417 0.00282317 0.9997226 187.0923
16.11288 0.9996511 0.01188341 -0.02358974 -1.371475 -0.01194447 0.9999256 -0.002448977 -3.752664 0.02355889 0.00272989 0.9997187 188.3388
16.21688 0.9996525 0.01192754 -0.02350798 -1.400872 -0.01194974 0.9999283 -0.0008037377 -3.781861 0.0234967 0.001084373 0.9997233 189.5856
16.32088 0.9996551 0.01202913 -0.02334368 -1.429913 -0.01200463 0.9999272 0.001189625 -3.811043 0.0233563 -0.0009089811 0.9997268 190.8308
16.42488 0.9996763 0.01143527 -0.02272955 -1.45692 -0.0113896 0.9999328 0.002137711 -3.839753 0.02275247 -0.001878138 0.9997394 192.0697
16.52888 0.9997053 0.01146956 -0.02139564 -1.482347 -0.01143659 0.9999332 0.001663004 -3.868861 0.02141328 -0.00141782 0.9997697 193.3035
16.63288 0.9997487 0.01007974 -0.02002253 -1.504387 -0.01008263 0.9999491 -4.303345e-05 -3.897568 0.02002108 0.0002449032 0.9997995 194.5344
16.73676 0.9997735 0.01002801 -0.01877428 -1.525428 -0.01005744 0.9999483 -0.001473791 -3.929306 0.01875854 0.001662279 0.9998227 195.761
16.84076 0.9998066 0.009130046 -0.01742092 -1.54334 -0.009171383 0.9999553 -0.002294297 -3.962116 0.01739919 0.002453627 0.9998456 196.9816
16.94476 0.9998262 0.009265399 -0.01617662 -1.561315 -0.009289747 0.9999558 -0.00143049 -3.994523 0.01616265 0.001580518 0.9998681 198.1987
17.04876 0.9998506 0.008954749 -0.01478447 -1.577337 -0.008947165 0.9999598 0.0005791481 -4.025379 0.01478906 -0.0004467817 0.9998905 199.4115
17.15276 0.9998606 0.009654808 -0.01362211 -1.593225 -0.009642126 0.999953 0.0009965228 -4.055718 0.01363109 -0.0008650369 0.9999067 200.6192
17.25676 0.9998768 0.009445742 -0.01253497 -1.607052 -0.009436407 0.9999551 0.000803841 -4.084508 0.012542 -0.000685456 0.9999211 201.8207
17.36075 0.9998851 0.00982983 -0.01154091 -1.619569 -0.009817733 0.9999512 0.001104585 -4.112611 0.0115512 -0.000991152 0.9999328 203.0155
17.46476 0.9998948 0.01008993 -0.01042026 -1.629855 -0.0100746 0.9999481 0.001522759 -4.142166 0.01043509 -0.001417618 0.9999446 204.2033
17.56875 0.9999026 0.01007774 -0.009652882 -1.639698 -0.01006681 0.9999486 0.001180268 -4.168995 0.009664281 -0.001082978 0.9999527 205.3821
17.67276 0.9999104 0.01012366 -0.008754828 -1.649074 -0.01011278 0.999948 0.001287178 -4.196218 0.008767405 -0.001198526 0.9999609 206.5525
17.77676 0.9999265 0.008942437 -0.008192095 -1.655974 -0.008930852 0.999959 0.001449907 -4.223531 0.008204726 -0.001376637 0.9999654 207.7094
17.88063 0.9999297 0.008776023 -0.007972737 -1.663162 -0.008760059 0.9999595 0.002035326 -4.25023 0.007990277 -0.00196534 0.9999662 208.8522
17.98465 0.9999313 0.00830088 -0.008282961 -1.670517 -0.008272806 0.9999599 0.00341813 -4.277047 0.008311003 -0.00334937 0.9999599 209.9818
18.08863 0.9999233 0.008543601 -0.00897263 -1.680916 -0.008513509 0.999958 0.003386803 -4.301812 0.00900119 -0.003310153 0.999954 211.0937
18.19263 0.9999174 0.008823204 -0.009346568 -1.692609 -0.008801091 0.9999584 0.002404531 -4.32686 0.009367395 -0.002322071 0.9999534 212.1907
18.29663 0.9999105 0.009129603 -0.009785277 -1.705386 -0.009115221 0.9999573 0.001513563 -4.351615 0.009798678 -0.001424232 0.999951 213.2749
18.40063 0.9999054 0.00906468 -0.01034486 -1.717659 -0.009051482 0.9999581 0.001322076 -4.376802 0.01035641 -0.001228314 0.9999456 214.3453
18.50463 0.9998981 0.00851047 -0.01146091 -1.730641 -0.008494998 0.9999629 0.001398205 -4.402081 0.01147238 -0.001300701 0.9999334 215.4046
18.60852 0.9998818 0.00812922 -0.01304707 -1.744177 -0.008101782 0.9999648 0.00215459 -4.426871 0.01306412 -0.00204863 0.9999126 216.4482
18.71251 0.9998623 0.007075987 -0.01501205 -1.758097 -0.007022485 0.9999688 0.003613773 -4.450451 0.01503715 -0.003507852 0.9998808 217.4854
18.81651 0.9998251 0.00730526 -0.01721456 -1.775959 -0.007206667 0.9999573 0.005782506 -4.472509 0.01725607 -0.005657433 0.9998351 218.5077
18.92051 0.9997825 0.007515842 -0.01945529 -1.796549 -0.007402042 0.9999551 0.005914789 -4.494237 0.01949887 -0.005769491 0.9997932 219.5114
19.02463 0.9997238 0.007888414 -0.02213934 -1.82019 -0.007773002 0.9999557 0.005294275 -4.513126 0.02218012 -0.005120721 0.9997409 220.495
19.12863 0.9996589 0.007966565 -0.02487172 -1.844527 -0.007835822 0.999955 0.00534982 -4.532452 0.02491322 -0.005153103 0.9996763 221.4612
19.23263 0.9995792 0.008537703 -0.02772305 -1.871601 -0.008373634 0.9999467 0.006028901 -4.553298 0.02777305 -0.005794219 0.9995975 222.4026
19.33651 0.9994888 0.008894846 -0.03070881 -1.900504 -0.00871367 0.9999438 0.006028646 -4.574348 0.03076072 -0.005757976 0.9995102 223.3228
19.44051 0.9993905 0.00884009 -0.03377245 -1.93108 -0.008663861 0.9999481 0.005360979 -4.594192 0.03381809 -0.00506511 0.9994152 224.2192
19.54464 0.9992779 0.008632605 -0.03700289 -1.963226 -0.008456524 0.9999522 0.00491251 -4.613875 0.03704353 -0.004596045 0.9993031 225.0932
19.64865 0.9991469 0.009829968 -0.04011115 -1.999321 -0.009647864 0.9999422 0.0047311 -4.634336 0.04015535 -0.004340075 0.999184 225.9462
19.75263 0.9990191 0.01011427 -0.04311066 -2.03611 -0.009956056 0.9999429 0.003883171 -4.65549 0.04314748 -0.003450149 0.9990628 226.7758
19.85663 0.9988931 0.01204947 -0.0454686 -2.076063 -0.01187886 0.9999213 0.004020761 -4.674144 0.04551348 -0.003476194 0.9989577 227.5885
19.96078 0.9988454 0.01285424 -0.0462884 -2.113952 -0.0126727 0.9999108 0.004213335 -4.692285 0.04633843 -0.00362187 0.9989192 228.382
20.06489 0.9988548 0.01291834 -0.04606738 -2.149429 -0.01268396 0.9999051 0.005376447 -4.710568 0.04613246 -0.004785971 0.9989239 229.159
20.16888 0.9988768 0.01301272 -0.04556029 -2.182836 -0.01274276 0.9998995 0.006210896 -4.728951 0.04563653 -0.005623355 0.9989423 229.9166
20.27301 0.9988935 0.01280984 -0.04525061 -2.215172 -0.01256706 0.9999051 0.005645617 -4.746558 0.04531864 -0.005070702 0.9989597 230.6577
20.37701 0.9989018 0.01327722 -0.04493224 -2.24791 -0.01312331 0.9999069 0.003718701 -4.762455 0.04497743 -0.003124956 0.9989831 231.3882
20.48115 0.9989383 0.01329114 -0.04410856 -2.278813 -0.01323631 0.9999112 0.001535033 -4.778921 0.04412505 -0.0009495678 0.9990256 232.1156
20.58526 0.998987 0.01331303 -0.04298534 -2.30914 -0.01331792 0.9999113 0.0001726322 -4.795655 0.04298383 0.0004000187 0.9990757 232.8383
20.68927 0.9990394 0.01403758 -0.04151247 -2.338553 -0.01406235 0.999901 -0.0003048143 -4.813178 0.04150409 0.0008882852 0.9991379 233.56
20.79338 0.9991162 0.01347006 -0.03981679 -2.3648 -0.0135033 0.9999086 -0.0005659031 -4.830531 0.03980553 0.001103062 0.9992068 234.2776
20.89751 0.9991906 0.0132864 -0.03796862 -2.389577 -0.01331778 0.9999111 -0.0005736147 -4.847959 0.03795763 0.001078809 0.9992788 234.9915
21.00151 0.9992651 0.01336426 -0.03592461 -2.414706 -0.01339616 0.99991 -0.0006472486 -4.864866 0.03591273 0.001128025 0.9993543 235.7021
21.10563 0.9993419 0.0131104 -0.03382173 -2.437161 -0.01314953 0.9999131 -0.0009347198 -4.881579 0.03380654 0.001378845 0.9994275 236.4085
21.20964 0.9994337 0.01322481 -0.03094321 -2.45827 -0.01325259 0.9999119 -0.0006927423 -4.896919 0.03093133 0.001102428 0.9995209 237.1116
21.31376 0.9995398 0.0123102 -0.02772615 -2.475218 -0.01231979 0.9999241 -0.0001750582 -4.912132 0.0277219 0.0005165588 0.9996156 237.8114
21.41776 0.9996282 0.01126815 -0.02483098 -2.489243 -0.01126448 0.9999365 0.0002877643 -4.929647 0.02483264 -7.948487e-06 0.9996916 238.5076
21.52188 0.9997013 0.01098992 -0.02182982 -2.501543 -0.01098202 0.9999396 0.0004818198 -4.947554 0.0218338 -0.0002419396 0.9997616 239.1999
21.62601 0.9997657 0.01059942 -0.01887178 -2.511949 -0.01059804 0.9999438 0.0001729227 -4.965562 0.01887255 2.712253e-05 0.9998219 239.8878
21.73001 0.9998182 0.01038177 -0.01599609 -2.520293 -0.01038785 0.999946 -0.0002970442 -4.98174 0.01599214 0.0004631559 0.999872 240.5753
21.83414 0.9998505 0.01134175 -0.01304889 -2.528203 -0.01135881 0.9999347 -0.001233928 -4.99821 0.01303405 0.001381964 0.9999141 241.2639
21.93826 0.9998847 0.01126161 -0.01018625 -2.534352 -0.01128179 0.9999345 -0.00192606 -5.01566 0.01016389 0.002040757 0.9999463 241.9573
22.04226 0.9999093 0.01129863 -0.007336242 -2.538348 -0.01130652 0.9999355 -0.001034001 -5.032044 0.007324087 0.001116855 0.9999726 242.6535
22.1464 0.9999189 0.01181599 -0.004762593 -2.543393 -0.01181795 0.9999301 -0.0003816016 -5.04817 0.004757752 0.0004378554 0.9999886 243.3559
22.25051 0.9999302 0.0115537 -0.002459278 -2.545596 -0.01155511 0.9999331 -0.0005591492 -5.064282 0.002452654 0.000587528 0.9999968 244.059
22.35451 0.9999351 0.01139254 -0.0001714107 -2.546852 -0.01139283 0.9999335 -0.00178213 -5.080295 0.0001510966 0.001783967 0.9999984 244.7634
22.45866 0.9999318 0.011576 0.001542321 -2.546619 -0.01156915 0.9999234 -0.004383648 -5.094783 -0.001592948 0.004365505 0.9999892 245.4715
22.56276 0.9999381 0.01084619 0.002490505 -2.545576 -0.01083126 0.9999237 -0.005935101 -5.109038 -0.002554688 0.005907758 0.9999793 246.1863
22.66676 0.9999384 0.01077194 0.002672936 -2.543734 -0.01075364 0.9999193 -0.006767155 -5.126143 -0.002745615 0.006737994 0.9999735 246.9081
22.77076 0.9999458 0.01001294 0.00284872 -2.542056 -0.009992817 0.9999256 -0.006991832 -5.145191 -0.002918517 0.006962986 0.9999715 247.6359
22.87476 0.9999358 0.01092501 0.003021948 -2.541896 -0.01090312 0.9999148 -0.007169908 -5.164585 -0.003100022 0.007136498 0.9999697 248.3695
22.97889 0.9999253 0.01176096 0.003320979 -2.542204 -0.01173454 0.9999002 -0.007865426 -5.185382 -0.003413152 0.007825868 0.9999636 249.1114
23.0829 0.9999323 0.01108684 0.003527473 -2.540944 -0.0110516 0.9998903 -0.009858624 -5.205979 -0.003636387 0.009818971 0.9999452 249.8573
23.18689 0.9999656 0.007322526 0.003910257 -2.535403 -0.007276476 0.9999055 -0.01166438 -5.22737 -0.0039953 0.01163553 0.9999243 250.61
23.29089 0.9999829 0.004023655 0.00424756 -2.529259 -0.003969773 0.9999125 -0.0126188 -5.246305 -0.004297962 0.01260172 0.9999114 251.3708
23.39501 0.9999724 0.005633027 0.004841945 -2.529475 -0.005586639 0.9999388 -0.009541481 -5.263872 -0.004895396 0.009514167 0.9999428 252.145
23.49901 0.9999347 0.01001002 0.005514964 -2.534412 -0.009991019 0.9999441 -0.003461758 -5.282956 -0.005549308 0.003406432 0.9999788 252.9289
23.60301 0.999932 0.009753806 0.006386489 -2.53173 -0.009761918 0.9999516 0.001239967 -5.300222 -0.006374086 -0.001302226 0.9999788 253.716
23.70716 0.9999315 0.00828298 0.008265151 -2.522827 -0.008277616 0.9999655 -0.0006832156 -5.316153 -0.008270525 0.0006147536 0.9999656 254.5107
23.81113 0.9998814 0.009412307 0.01219179 -2.516895 -0.009326539 0.9999315 -0.007072959 -5.328791 -0.01225752 0.006958412 0.9999007 255.3056
23.91526 0.9998035 0.01155317 0.01610904 -2.508908 -0.01136567 0.9998671 -0.01168301 -5.345294 -0.01624188 0.01149762 0.999802 256.1119
24.01927 0.9997287 0.01301807 0.01931264 -2.495854 -0.01279623 0.9998512 -0.01156648 -5.364407 -0.01946034 0.01131621 0.9997466 256.9296
24.12328 0.9996769 0.01167319 0.02257978 -2.476437 -0.01147257 0.9998937 -0.008994677 -5.385775 -0.02268238 0.008732722 0.9997046 257.7578
24.22739 0.9996371 0.008632262 0.02551858 -2.451908 -0.008485886 0.9999469 -0.005838899 -5.406872 -0.02556763 0.005620232 0.9996573 258.5928
24.33139 0.9995828 0.006150285 0.02821921 -2.426274 -0.006038441 0.9999736 -0.004046954 -5.425049 -0.02824336 0.003874865 0.9995936 259.4295
24.43553 0.9994894 0.005930202 0.0313975 -2.401831 -0.005823188 0.9999769 -0.003498755 -5.445288 -0.03141752 0.003314135 0.9995009 260.2685
24.53951 0.9993904 0.008171329 0.03394327 -2.377452 -0.007988728 0.9999529 -0.005511768 -5.467449 -0.03398671 0.005237244 0.9994086 261.1028
24.64364 0.999304 0.008631655 0.03629 -2.347909 -0.008351913 0.9999343 -0.00785311 -5.488513 -0.0363554 0.007544553 0.9993105 261.9398
24.74764 0.9992037 0.008956979 0.03888208 -2.315586 -0.008641401 0.9999284 -0.008276839 -5.509575 -0.03895343 0.007934251 0.9992095 262.7787
24.85176 0.9990772 0.009860672 0.04180323 -2.282743 -0.009602689 0.9999336 -0.006367741 -5.533299 -0.04186324 0.005960441 0.9991056 263.6212
24.95576 0.9989173 0.01138173 0.04510767 -2.249292 -0.0111924 0.9999274 -0.004447533 -5.557575 -0.04515502 0.003937854 0.9989722 264.4631
25.05978 0.9987824 0.01192758 0.04786978 -2.211671 -0.01172932 0.9999214 -0.004420534 -5.580169 -0.04791874 0.003853672 0.9988438 265.3026
25.16376 0.9986533 0.01179716 0.05052105 -2.169031 -0.01154917 0.9999198 -0.005197782 -5.601556 -0.05057832 0.004607306 0.9987095 266.1456
25.26776 0.9985364 0.01019645 0.05311482 -2.120601 -0.00991456 0.9999353 -0.005568043 -5.622751 -0.05316817 0.005033283 0.9985729 266.9886
25.37177 0.9984643 0.007188352 0.05493063 -2.070929 -0.006923578 0.9999635 -0.005008957 -5.642388 -0.05496464 0.004620948 0.9984776 267.8345
25.47577 0.9984232 0.005720778 0.0558426 -2.020152 -0.005456183 0.9999731 -0.004889568 -5.662313 -0.05586908 0.00457717 0.9984276 268.6821
25.57977 0.9983947 0.004968563 0.05642066 -1.972336 -0.004699585 0.9999769 -0.004899074 -5.683949 -0.0564437 0.004626055 0.9983951 269.5293
25.68376 0.9983663 0.004848794 0.05693179 -1.923826 -0.004581796 0.9999779 -0.004819406 -5.705921 -0.0569539 0.004550683 0.9983664 270.3816
25.78765 0.9983677 0.004824387 0.05690876 -1.875688 -0.004582192 0.9999799 -0.0043856 -5.726987 -0.05692878 0.004117674 0.9983698 271.2341
25.89164 0.9983956 0.005374549 0.05636852 -1.829452 -0.005169485 0.9999795 -0.003783122 -5.750154 -0.0563877 0.003485656 0.9984029 272.0891
25.99552 0.9984601 0.005007634 0.05524747 -1.783337 -0.004765767 0.9999785 -0.004508777 -5.773108 -0.05526886 0.004238538 0.9984625 272.9432
26.09952 0.9985463 0.005133179 0.05365578 -1.741198 -0.004852447 0.9999738 -0.005361069 -5.793806 -0.0536819 0.005092913 0.9985451 273.7954
26.20351 0.9986284 0.005918529 0.05202125 -1.700845 -0.005597716 0.9999644 -0.006310512 -5.814912 -0.05205675 0.006010657 0.998626 274.6511
26.30739 0.9986949 0.007010597 0.05059033 -1.660663 -0.006694403 0.999957 -0.006416858 -5.835884 -0.05063314 0.00606981 0.9986989 275.5035
26.41139 0.998766 0.008133439 0.0489941 -1.622669 -0.007822405 0.999948 -0.006536837 -5.858238 -0.04904473 0.006145518 0.9987777 276.3544
26.51527 0.9988683 0.008613455 0.04677598 -1.585579 -0.008338551 0.9999468 -0.006069013 -5.879709 -0.04682577 0.0056721 0.998887 277.2037
26.61926 0.9989946 0.008422478 0.04403156 -1.550632 -0.008228132 0.9999556 -0.004593216 -5.901149 -0.04406829 0.0042263 0.9990196 278.0516
26.72314 0.9991778 0.007024358 0.03992963 -1.517863 -0.006940009 0.9999734 -0.0022507 -5.921904 -0.03994438 0.001971738 0.9992 278.8967
26.82714 0.9993635 0.005822915 0.03519509 -1.489305 -0.005819062 0.999983 -0.0002119652 -5.941918 -0.03519573 7.028462e-06 0.9993804 279.7354
26.93114 0.9995223 0.005332099 0.03044189 -1.466242 -0.005371251 0.9999848 0.001204461 -5.96075 -0.03043501 -0.001367396 0.9995358 280.5687
27.03514 0.9996574 0.004914014 0.02570864 -1.447757 -0.004962389 0.999986 0.001818158 -5.978025 -0.02569935 -0.00194511 0.9996678 281.3897
27.13914 0.999766 0.004426975 0.0211729 -1.431895 -0.004481629 0.9999867 0.002534527 -5.99441 -0.0211614 -0.002628822 0.9997726 282.2031
27.24326 0.9998582 0.003417936 0.01649028 -1.419054 -0.00346411 0.9999901 0.00277228 -6.010847 -0.01648064 -0.00282901 0.9998602 283.0036
27.34726 0.999919 0.003019938 0.01236106 -1.412086 -0.003051025 0.9999922 0.00249681 -6.026687 -0.01235343 -0.002534321 0.9999205 283.7879
27.45139 0.9999589 0.003448345 0.00839104 -1.411252 -0.003468664 0.9999911 0.002408034 -6.04017 -0.008382662 -0.002437039 0.9999619 284.5553
27.55539 0.9999825 0.003782048 0.004558225 -1.414317 -0.003793442 0.9999897 0.002493418 -6.053988 -0.004548748 -0.002510664 0.9999865 285.3052
27.65941 0.9999935 0.003534352 0.0007657028 -1.417779 -0.00353637 0.9999902 0.0026483 -6.069167 -0.000756335 -0.002650989 0.9999962 286.0359
27.76339 0.9999905 0.002663619 -0.003440635 -1.423417 -0.002657059 0.9999946 0.001909798 -6.085125 0.003445704 -0.001900636 0.9999923 286.744
27.86741 0.9999577 0.003814336 -0.008374917 -1.435822 -0.00381016 0.9999926 0.0005145885 -6.10138 0.008376818 -0.0004826561 0.9999648 287.4331
27.97139 0.9998773 0.005429416 -0.01469453 -1.454441 -0.005449682 0.9999842 -0.001339424 -6.117454 0.01468703 0.00141934 0.9998911 288.1005
28.07541 0.9997187 0.006283694 -0.02287209 -1.477649 -0.006356257 0.999975 -0.003101172 -6.132605 0.02285203 0.00324568 0.9997336 288.7511
28.17926 0.9994316 0.006168463 -0.03314286 -1.506373 -0.006306868 0.9999718 -0.004073051 -6.149396 0.0331168 0.004279764 0.9994423 289.389
28.28327 0.9988958 0.006604999 -0.04651366 -1.545617 -0.006812456 0.9999675 -0.004302986 -6.167037 0.04648373 0.004615107 0.9989084 290.0173
28.38704 0.9979962 0.007563684 -0.06282002 -1.597157 -0.007789806 0.999964 -0.00335535 -6.182453 0.06279239 0.003837983 0.9980192 290.6281
28.4909 0.9965471 0.0102342 -0.08239691 -1.665044 -0.01047295 0.9999421 -0.002465836 -6.196964 0.08236691 0.00332026 0.9965966 291.23
28.59479 0.9944339 0.01193309 -0.1046845 -1.742378 -0.01224625 0.9999222 -0.002349099 -6.210196 0.1046483 0.003618017 0.9945027 291.8062
28.69852 0.991448 0.01338096 -0.1298146 -1.834488 -0.01378449 0.9999025 -0.002210401 -6.224247 0.1297724 0.003980927 0.9915358 292.379
28.80227 0.9874435 0.01494253 -0.1572642 -1.942994 -0.01538155 0.9998804 -0.001574791 -6.237015 0.1572219 0.003973984 0.9875553 292.9374
28.90604 0.9821456 0.01637005 -0.1874087 -2.067997 -0.01669286 0.9998606 -0.0001443122 -6.247853 0.1873802 0.003270123 0.982282 293.4679
29.00977 0.9751946 0.01636349 -0.2207437 -2.209538 -0.01633564 0.9998646 0.001951826 -6.257666 0.2207458 0.001702582 0.9753299 293.9981
29.11351 0.9664279 0.01663688 -0.2563988 -2.367902 -0.01613277 0.9998616 0.004069517 -6.271075 0.256431 0.0002035297 0.9665625 294.5121
29.21728 0.9558056 0.01816575 -0.2934376 -2.543375 -0.0168706 0.9998335 0.006944288 -6.28527 0.2935149 -0.001686918 0.955953 294.9879
29.321 0.9431225 0.01991691 -0.3318483 -2.739392 -0.01767411 0.999796 0.009775552 -6.297631 0.3319754 -0.003354416 0.9432821 295.4667
29.42464 0.9283298 0.02079609 -0.3711755 -2.949047 -0.017502 0.9997719 0.01224145 -6.307941 0.3713454 -0.00486779 0.9284821 295.9018
29.52839 0.911282 0.0209466 -0.4112497 -3.178542 -0.01646279 0.9997601 0.01444217 -6.314604 0.4114536 -0.006390564 0.9114083 296.3492
29.63216 0.8915138 0.02087312 -0.4525124 -3.425572 -0.01529834 0.9997553 0.01597598 -6.32098 0.4527352 -0.007320112 0.891615 296.7828
