0 1 1.197625e-11 1.704638e-10 5.551115e-17 1.197625e-11 1 3.562503e-10 0 1.704638e-10 3.562503e-10 1 2.220446e-16
0.1038752 0.9999795 0.0005025123 -0.006380358 -0.004596714 -0.000500516 0.9999998 0.0003144878 -0.002001524 0.006380515 -0.0003112871 0.9999796 0.09154274
0.2078941 0.9999096 0.001061516 -0.01340599 -0.01001116 -0.001058762 0.9999994 0.0002126022 -0.004359704 0.01340621 -0.0001983884 0.9999101 0.1857373
0.3117497 0.99978 0.001386756 -0.02092925 -0.01753371 -0.001395506 0.9999989 -0.0004034725 -0.006859665 0.02092867 0.0004325913 0.9997809 0.2834672
0.415622 0.9995454 0.002025309 -0.03008212 -0.02863192 -0.002080074 0.9999962 -0.001789331 -0.00672666 0.03007839 0.001851091 0.9995458 0.38731
0.5194988 0.9991403 0.002230707 -0.0413968 -0.04273697 -0.002379114 0.9999909 -0.003536042 -0.007303015 0.04138854 0.00363149 0.9991365 0.5011396
0.6233766 0.9984892 0.002145631 -0.05490591 -0.06000009 -0.002394373 0.9999871 -0.004464951 -0.008065471 0.05489562 0.004589671 0.9984816 0.6279359
0.7271218 0.9974753 0.002223074 -0.07097932 -0.08275693 -0.002545053 0.9999869 -0.004446103 -0.008995 0.07096851 0.004615524 0.9974679 0.7669396
0.830874 0.9959798 0.0009912399 -0.08957233 -0.1090497 -0.001397593 0.999989 -0.004473982 -0.01033982 0.08956691 0.004581182 0.9959703 0.9191805
0.9346218 0.9939836 -0.0003564687 -0.1095286 -0.1415335 -0.0001406643 0.9999897 -0.004531084 -0.01195088 0.1095291 0.004519231 0.9939733 1.081913
1.038404 0.991298 -0.0004511767 -0.1316366 -0.1816057 -0.000174551 0.9999887 -0.004741873 -0.01604515 0.1316372 0.004723586 0.9912867 1.251378
1.142127 0.9877899 0.002927872 -0.1557641 -0.2325643 -0.003900867 0.9999747 -0.005941284 -0.02265364 0.1557428 0.006476356 0.9877764 1.425643
1.245873 0.9834265 0.007281907 -0.1811611 -0.293459 -0.008809762 0.9999321 -0.007630442 -0.03116429 0.1810932 0.009099964 0.9834238 1.60414
1.349627 0.9780772 0.01080196 -0.2079623 -0.3616512 -0.01279341 0.9998842 -0.008233354 -0.03933357 0.2078493 0.0107134 0.9781022 1.78864
1.453253 0.9713483 0.01158386 -0.2373782 -0.4366243 -0.01400444 0.9998657 -0.008513365 -0.04313507 0.2372477 0.01159379 0.97138 1.979231
1.556997 0.9632837 0.01344571 -0.2681487 -0.5224919 -0.0161364 0.9998391 -0.007832912 -0.04573638 0.2680003 0.01187227 0.9633457 2.17302
1.660772 0.953809 0.01577198 -0.2999995 -0.620094 -0.01861376 0.9998048 -0.006616866 -0.04902232 0.2998367 0.01189534 0.9539164 2.368741
1.764374 0.9425175 0.01774119 -0.3336855 -0.7248452 -0.02073817 0.9997702 -0.005421185 -0.05140743 0.3335126 0.01202959 0.9426689 2.565689
1.868002 0.9299713 0.02036643 -0.3670676 -0.8394934 -0.02385302 0.9997031 -0.004964301 -0.05397789 0.3668575 0.01337233 0.930181 2.758285
1.97175 0.9160371 0.02349847 -0.4004045 -0.9687591 -0.02746958 0.9996139 -0.004180152 -0.05101001 0.4001517 0.01482812 0.916329 2.950416
2.075498 0.8999654 0.02432815 -0.4352819 -1.103633 -0.02866013 0.9995834 -0.003388838 -0.04676236 0.4350182 0.01552507 0.9002878 3.142085
2.179126 0.881578 0.02050712 -0.4715927 -1.242764 -0.02543755 0.9996681 -0.004081633 -0.04292676 0.4713525 0.01559444 0.8818071 3.333105
2.282875 0.8604449 0.01550968 -0.5093075 -1.392475 -0.02063887 0.9997772 -0.004422429 -0.04238966 0.5091254 0.01431679 0.8605733 3.523028
2.386504 0.8357453 0.01684757 -0.5488588 -1.564446 -0.02109935 0.9997763 -0.001439127 -0.04491985 0.5487118 0.01278331 0.8359139 3.706267
2.490144 0.8069523 0.02370092 -0.5901408 -1.761568 -0.02696201 0.9996311 0.003279095 -0.04899414 0.5900009 0.01326531 0.8072937 3.880703
2.59362 0.7747743 0.02685279 -0.6316674 -1.969361 -0.0302277 0.9995283 0.005415012 -0.05141144 0.6315149 0.01489844 0.7752206 4.049498
2.697329 0.7390815 0.02703623 -0.6730732 -2.187835 -0.03078163 0.9995059 0.006348111 -0.05358748 0.6729124 0.01602652 0.7395486 4.215884
2.80089 0.6998654 0.02300743 -0.7139041 -2.415527 -0.0250627 0.9996566 0.007646713 -0.05318918 0.713835 0.01254069 0.7002017 4.382391
2.904641 0.6574738 0.01958832 -0.7532227 -2.663146 -0.02008945 0.9997623 0.008464136 -0.05287039 0.7532096 0.009566887 0.6577111 4.540774
3.008248 0.6131629 0.01930946 -0.7897204 -2.929115 -0.01750863 0.9997878 0.01085159 -0.05283789 0.7897624 0.00717313 0.6133709 4.68768
3.112001 0.5654772 0.02029055 -0.8245143 -3.215512 -0.01550389 0.9997822 0.0139707 -0.0513893 0.8246182 0.004883068 0.5656686 4.824434
3.215751 0.5147145 0.02089948 -0.8571069 -3.517839 -0.01382236 0.9997752 0.0160776 -0.04877551 0.8572503 0.003571869 0.5148876 4.948178
3.319374 0.4622315 0.0226723 -0.8864694 -3.836955 -0.01311577 0.9997385 0.01873032 -0.04505658 0.8866623 0.002968993 0.462408 5.057271
3.423126 0.4081172 0.0248278 -0.9125918 -4.17713 -0.01202969 0.9996896 0.02181762 -0.03878842 0.9128503 0.002074055 0.4082892 5.153468
3.526893 0.3528221 0.02685154 -0.9353051 -4.534335 -0.01174859 0.9996365 0.02426655 -0.03325067 0.9356167 0.002426748 0.3530093 5.233794
3.630648 0.2977517 0.02999078 -0.9541721 -4.911075 -0.009323251 0.9995501 0.02850773 -0.02945435 0.9545979 0.0004077656 0.2978973 5.302451
3.734395 0.2439423 0.03226578 -0.9692528 -5.299329 -0.005239211 0.9994756 0.03195328 -0.02697748 0.9697756 -0.002716632 0.2439834 5.360943
3.838251 0.1928119 0.03260781 -0.9806938 -5.701357 -0.00220528 0.9994595 0.0327982 -0.02303083 0.9812333 -0.004161174 0.1927796 5.401694
3.942122 0.1451008 0.03362423 -0.9888454 -6.122091 -0.00399199 0.9994341 0.03339852 -0.01604266 0.9894089 -0.0008986869 0.1451529 5.42129
4.046284 0.1020609 0.03392393 -0.9941995 -6.558994 -0.00614485 0.9994208 0.03347129 -0.005757046 0.9947592 0.0026931 0.1022102 5.427674
4.150266 0.06378191 0.03251618 -0.997434 -7.009091 -0.007384401 0.999457 0.03210994 0.006191584 0.9979366 0.005317422 0.06398739 5.424017
4.25438 0.02904726 0.02991174 -0.9991304 -7.473426 -0.006521623 0.9995365 0.02973431 0.01625113 0.9995568 0.005652255 0.02922887 5.410697
4.358512 -0.002721994 0.02726005 -0.9996247 -7.950411 -0.005718749 0.9996116 0.02727527 0.02306424 0.99998 0.005790849 -0.002565041 5.389282
4.462646 -0.02964894 0.02550783 -0.9992348 -8.444612 -0.006326376 0.9996495 0.02570614 0.03066422 0.9995404 0.007083698 -0.02947717 5.353644
4.566885 -0.05091764 0.02313 -0.998435 -8.953007 -0.006820021 0.9997004 0.02350713 0.04057477 0.9986796 0.008006278 -0.05074464 5.310729
4.67125 -0.0673328 0.02173972 -0.9974937 -9.480377 -0.006474859 0.999732 0.02222558 0.05248992 0.9977096 0.007955144 -0.06717399 5.263869
4.7755 -0.08060838 0.02217432 -0.9964992 -10.02302 -0.005344046 0.9997285 0.02267848 0.06141731 0.9967316 0.007153416 -0.08046799 5.211227
4.879959 -0.09045247 0.02383599 -0.9956155 -10.57921 -0.006387145 0.9996791 0.02451356 0.06596199 0.9958803 0.008576455 -0.0902712 5.153075
4.98425 -0.09725791 0.02540281 -0.994935 -11.15274 -0.008559783 0.9996159 0.02635907 0.06936405 0.9952224 0.01108006 -0.09700311 5.08836
5.088502 -0.1018114 0.02626013 -0.994457 -11.73941 -0.008587813 0.9995911 0.02727492 0.07855473 0.9947667 0.01131711 -0.1015442 5.02588
5.192878 -0.1035005 0.02648562 -0.9942767 -12.34412 -0.006117944 0.9996095 0.02726454 0.09123047 0.9946106 0.008904824 -0.103298 4.964841
5.297154 -0.1028278 0.02847192 -0.9942916 -12.96427 -0.003919262 0.9995709 0.02902843 0.1026715 0.9946915 0.006881821 -0.1026721 4.901812
5.401501 -0.1013578 0.0312698 -0.9943585 -13.60015 -0.004596263 0.9994805 0.0318994 0.1095163 0.9948395 0.007803588 -0.1011614 4.835681
5.505749 -0.09950488 0.03165295 -0.9945335 -14.25164 -0.007042716 0.9994464 0.03251396 0.1178242 0.9950122 0.01023952 -0.09922688 4.767225
5.610008 -0.09786425 0.02880843 -0.9947827 -14.91341 -0.00877897 0.999517 0.02980919 0.1296149 0.9951611 0.01165042 -0.09756407 4.697363
5.714253 -0.0966334 0.02858456 -0.9949095 -15.59372 -0.009168533 0.9995195 0.02960754 0.1450798 0.9952778 0.01198294 -0.0963249 4.629999
5.818377 -0.09508533 0.03088559 -0.9949899 -16.29098 -0.008691167 0.9994547 0.03185476 0.1622254 0.9954312 0.01167655 -0.09476505 4.563302
5.922523 -0.09324592 0.03432541 -0.9950512 -17.00478 -0.009606841 0.999328 0.0353732 0.1770188 0.9955968 0.01285771 -0.0928535 4.49463
6.026772 -0.09143352 0.03749733 -0.9951049 -17.73322 -0.01072094 0.9991958 0.03863657 0.1905594 0.9957535 0.01420114 -0.09095798 4.426532
6.130876 -0.08963018 0.03633795 -0.995312 -18.47183 -0.01191924 0.9992235 0.03755412 0.2092753 0.9959038 0.01522934 -0.08912746 4.359249
6.235023 -0.08776869 0.03343541 -0.9955796 -19.22427 -0.01418124 0.9992933 0.03481034 0.2305555 0.99604 0.01717381 -0.08723251 4.290984
6.339025 -0.08620014 0.03252667 -0.9957467 -19.98833 -0.0155374 0.9993014 0.03398785 0.2503189 0.9961567 0.01840107 -0.08563454 4.223122
6.443143 -0.08451284 0.03487323 -0.9958119 -20.7731 -0.01290088 0.9992653 0.03608905 0.2703516 0.9963389 0.01589684 -0.08400085 4.161929
6.547271 -0.08331618 0.03705888 -0.9958338 -21.56448 -0.01052013 0.9992199 0.03806506 0.2880249 0.9964677 0.01364774 -0.08286132 4.100217
6.65128 -0.08195788 0.03938854 -0.9958571 -22.36419 -0.009754524 0.9991391 0.04032114 0.3062236 0.9965881 0.01301875 -0.08150311 4.035961
6.75538 -0.08125065 0.03526391 -0.9960697 -23.16415 -0.009827283 0.999297 0.0361798 0.3216152 0.9966453 0.01272829 -0.08084698 3.971019
6.859377 -0.08074505 0.02784209 -0.9963458 -23.9695 -0.008508473 0.9995541 0.02862128 0.3342058 0.9966985 0.01078841 -0.08047215 3.90897
6.963378 -0.08068463 0.02317276 -0.9964703 -24.78947 -0.005031547 0.9997075 0.02365546 0.3492536 0.996727 0.006922422 -0.08054443 3.849052
7.067377 -0.08117506 0.02268473 -0.9964417 -25.61886 -0.003485151 0.9997284 0.02304348 0.3615096 0.9966938 0.005343309 -0.08107395 3.786079
7.171256 -0.08098689 0.0312379 -0.9962255 -26.46136 -0.004490308 0.9994872 0.03170522 0.3717697 0.9967051 0.007041069 -0.08080509 3.716343
7.275272 -0.08132601 0.03806049 -0.9959606 -27.30755 -0.005642357 0.999237 0.03864644 0.3854991 0.9966716 0.008762529 -0.08104921 3.644752
7.379272 -0.08165962 0.0438827 -0.9956937 -28.15287 -0.007595689 0.9989738 0.04465022 0.4028815 0.9966314 0.0112091 -0.0812425 3.569541
7.483251 -0.08204879 0.04465936 -0.9956272 -28.99762 -0.00938722 0.9989165 0.04558051 0.4194172 0.9965841 0.013086 -0.08154066 3.492898
7.587271 -0.08245294 0.04133613 -0.9957373 -29.83721 -0.009690603 0.9990589 0.04227647 0.4370064 0.9965479 0.01313512 -0.08197477 3.41846
7.691129 -0.0829021 0.03805547 -0.9958308 -30.67424 -0.009508351 0.9991949 0.0389756 0.4566603 0.9965124 0.01269987 -0.08247351 3.346046
7.795131 -0.0828897 0.03922072 -0.9957866 -31.51586 -0.01105292 0.9991276 0.04027237 0.4763855 0.9964975 0.01434452 -0.08238388 3.27199
7.899003 -0.08269813 0.04194649 -0.9956915 -32.35442 -0.01214292 0.9989972 0.04309431 0.4917256 0.9965007 0.01565442 -0.08210584 3.198821
8.003004 -0.08271724 0.04082259 -0.9957366 -33.19517 -0.0130283 0.999031 0.04203994 0.5076454 0.9964879 0.01645018 -0.08210524 3.123626
8.107005 -0.082312 0.0356638 -0.9959683 -34.02626 -0.01376549 0.9992235 0.03691803 0.5241899 0.9965116 0.01674879 -0.08175715 3.051261
8.211004 -0.08195133 0.03105421 -0.9961524 -34.86004 -0.01499027 0.9993629 0.03238752 0.5386702 0.9965236 0.01758679 -0.08143361 2.980358
8.315006 -0.08151395 0.03157687 -0.9961718 -35.69639 -0.01501861 0.9993456 0.03290641 0.550032 0.9965591 0.01764345 -0.08098637 2.910621
8.41888 -0.08074712 0.0344177 -0.9961402 -36.53345 -0.01407711 0.9992646 0.03566675 0.5579548 0.9966352 0.01690276 -0.08020323 2.843137
8.522877 -0.08028235 0.03893236 -0.9960115 -37.37375 -0.01355742 0.9991018 0.04014595 0.5707777 0.99668 0.01672636 -0.07968242 2.77507
8.626899 -0.0796497 0.04443042 -0.9958322 -38.21476 -0.01275581 0.9988789 0.04558661 0.5878615 0.9967413 0.01633361 -0.07899366 2.706985
8.730751 -0.07980664 0.04835639 -0.9956367 -39.04918 -0.01285875 0.9986896 0.04953538 0.6055646 0.9967275 0.0167559 -0.07908026 2.638855
8.834756 -0.07952916 0.04776542 -0.9956875 -39.88167 -0.01253987 0.9987243 0.04891272 0.6246496 0.9967537 0.01637579 -0.07882874 2.572257
8.938756 -0.07935204 0.04425698 -0.9958637 -40.71171 -0.01242385 0.9988924 0.04538155 0.6464858 0.9967693 0.01597358 -0.07871431 2.504806
9.042758 -0.07897161 0.0395931 -0.9960903 -41.5384 -0.01315326 0.9990826 0.04075486 0.6640169 0.9967901 0.01632031 -0.07837838 2.436154
9.146631 -0.0786237 0.03683575 -0.9962236 -42.3652 -0.01711449 0.9991199 0.03829356 0.6807227 0.9967575 0.02006064 -0.07792408 2.363072
9.250652 -0.07912445 0.03465562 -0.9962622 -43.19143 -0.02040105 0.9991299 0.03637566 0.6977483 0.996656 0.023203 -0.0783486 2.290205
9.354505 -0.07976546 0.0331277 -0.996263 -44.01519 -0.01910751 0.9992131 0.03475564 0.7092788 0.9966305 0.02180841 -0.0790697 2.223683
9.458529 -0.08099499 0.02976202 -0.99627 -44.83883 -0.0153585 0.9993981 0.0311041 0.7206987 0.9965962 0.01782049 -0.08048914 2.160908
9.562503 -0.08168221 0.02762876 -0.9962754 -45.66121 -0.01115209 0.9995277 0.0286333 0.7331961 0.9965961 0.01344938 -0.08133552 2.096619
9.666385 -0.08331048 0.03088015 -0.9960451 -46.48335 -0.01024723 0.9994403 0.03184251 0.7434451 0.996471 0.01285952 -0.08294742 2.028253
9.77038 -0.08506616 0.03760111 -0.9956655 -47.30744 -0.008393766 0.9992251 0.03845268 0.7534145 0.99634 0.01162841 -0.08468463 1.959122
9.874249 -0.08682806 0.04163558 -0.9953529 -48.12333 -0.006298404 0.9990833 0.04234107 0.7646921 0.9962034 0.009945529 -0.08648623 1.890493
9.978133 -0.08855103 0.04048818 -0.9952484 -48.93314 -0.005319431 0.99914 0.0411198 0.7767209 0.9960575 0.008935358 -0.08825951 1.820295
10.08213 -0.08958858 0.03722221 -0.9952831 -49.73553 -0.009200308 0.9992278 0.0381979 0.7874193 0.9959364 0.01257901 -0.08917694 1.740695
10.18601 -0.09088125 0.03306855 -0.9953125 -50.53252 -0.01334325 0.9993184 0.03442002 0.7989932 0.9957724 0.01640884 -0.09037806 1.659366
10.29001 -0.09202649 0.03137353 -0.9952622 -51.32871 -0.01768445 0.9992944 0.03313583 0.8126433 0.9955995 0.02065004 -0.09140673 1.575304
10.39388 -0.09301301 0.0326832 -0.9951283 -52.12276 -0.01993854 0.9991995 0.03468054 0.8219496 0.9954653 0.02306714 -0.0922869 1.493752
10.49776 -0.09396287 0.03429642 -0.9949848 -52.9159 -0.01947438 0.9991519 0.03627916 0.8317695 0.9953852 0.0227856 -0.09321528 1.416807
10.60175 -0.09489148 0.03383215 -0.9949125 -53.70196 -0.02126901 0.9991253 0.03600398 0.8419538 0.9952604 0.02457727 -0.0940889 1.337479
10.70563 -0.09547628 0.03365711 -0.9948625 -54.484 -0.02234157 0.999104 0.03594471 0.8494927 0.995181 0.02565866 -0.09463878 1.258994
10.80965 -0.09600787 0.0352647 -0.9947557 -55.26303 -0.02088946 0.9990807 0.03743416 0.8601357 0.9951614 0.02437388 -0.09518295 1.184702
10.91351 -0.09631614 0.03786491 -0.9946303 -56.03808 -0.01966748 0.9990086 0.03993612 0.8696735 0.9951565 0.02340836 -0.09547595 1.110756
11.01751 -0.09631889 0.04229139 -0.9944516 -56.81074 -0.02023666 0.9988072 0.04443667 0.8820234 0.9951448 0.02440447 -0.09534816 1.032637
11.12138 -0.09679243 0.04476912 -0.9942972 -57.5746 -0.02017706 0.9986943 0.04693131 0.8957003 0.9951001 0.02460459 -0.09576274 0.956539
11.22538 -0.0975123 0.04461774 -0.9942337 -58.33039 -0.01973636 0.9987114 0.04675439 0.9106542 0.9950386 0.02418168 -0.09650605 0.883063
11.32928 -0.09795446 0.04283838 -0.9942685 -59.07759 -0.01906692 0.9988089 0.04491248 0.9234551 0.9950083 0.02335701 -0.097021 0.8100074
11.43326 -0.09803627 0.03931108 -0.9944061 -59.8104 -0.01882451 0.9989675 0.04134728 0.9337799 0.9950048 0.02277274 -0.09719504 0.7359683
11.53715 -0.0979993 0.03666304 -0.9945109 -60.53658 -0.0190444 0.9990691 0.03870773 0.9432177 0.9950043 0.02273319 -0.09720985 0.6623665
11.64113 -0.09675594 0.03416077 -0.9947217 -61.24548 -0.01957872 0.9991521 0.03621733 0.9508013 0.9951156 0.02297962 -0.09600508 0.5919478
11.74513 -0.09446826 0.03336158 -0.9949687 -61.94033 -0.02166315 0.9991328 0.03555804 0.9565112 0.9952922 0.02491326 -0.09366362 0.5237598
11.84914 -0.09065597 0.03447304 -0.9952854 -62.62022 -0.02266347 0.9990704 0.03666846 0.960729 0.9956244 0.02588084 -0.08979042 0.4617179
11.95326 -0.08478874 0.0356292 -0.9957617 -63.28551 -0.02179694 0.999055 0.03760305 0.9654748 0.9961605 0.02489288 -0.083932 0.4088407
12.05726 -0.07769131 0.03737607 -0.9962766 -63.93546 -0.02099037 0.9990142 0.03911565 0.9696725 0.9967565 0.02395116 -0.07683019 0.3622951
12.16138 -0.0690821 0.03878501 -0.9968567 -64.57047 -0.02201573 0.9989413 0.04039181 0.974213 0.9973681 0.02473688 -0.06815508 0.3201877
12.26551 -0.05715155 0.04050175 -0.9975436 -65.18991 -0.02428573 0.9988247 0.04194516 0.9801827 0.9980701 0.02662331 -0.05610077 0.2859581
12.36963 -0.0427109 0.04211609 -0.9981994 -65.79136 -0.02736683 0.9986869 0.04330764 0.9882448 0.9987126 0.02916726 -0.04150223 0.2627668
12.47391 -0.02429915 0.04346382 -0.9987594 -66.37563 -0.02907338 0.9986011 0.04416428 0.9966522 0.9992819 0.03011046 -0.02300152 0.2555668
12.57813 -0.002518869 0.04426213 -0.9990168 -66.93703 -0.03030184 0.9985578 0.04431821 1.003712 0.9995377 0.03038367 -0.001174011 0.2646196
12.68239 0.02288678 0.04500994 -0.9987243 -67.47673 -0.03012122 0.9985635 0.04431245 1.009213 0.9992842 0.02906862 0.02420966 0.2941699
12.78678 0.05165759 0.04439305 -0.9976777 -67.99052 -0.02852108 0.9986696 0.04296044 1.013813 0.9982575 0.02623562 0.052855 0.3455598
12.89113 0.08536048 0.04448258 -0.9953566 -68.48214 -0.0275015 0.9987274 0.04227474 1.016477 0.9959705 0.02376521 0.08647519 0.4164808
12.99551 0.1227573 0.04458956 -0.9914345 -68.95412 -0.02686321 0.9987734 0.04159349 1.019824 0.9920731 0.02152721 0.1238045 0.5048813
13.09988 0.1629811 0.04426984 -0.9856355 -69.40376 -0.0267163 0.9988245 0.04044453 1.021543 0.9862674 0.01974084 0.1639723 0.6110892
13.20438 0.2077988 0.04518369 -0.9771275 -69.84846 -0.02578527 0.9988384 0.04070408 1.023928 0.9778317 0.01673724 0.2087225 0.7419667
13.30876 0.2555492 0.04418568 -0.9657858 -70.27047 -0.0232395 0.9989471 0.03955363 1.024337 0.9665167 0.01233648 0.256307 0.8955753
13.41326 0.3052822 0.03940288 -0.9514463 -70.68171 -0.01572097 0.9992159 0.03633695 1.023888 0.9521322 0.003864635 0.3056623 1.080744
13.51763 0.356129 0.03412235 -0.9338136 -71.06861 -0.01009255 0.9994152 0.0326705 1.025888 0.9343823 -0.002210349 0.3562651 1.285746
13.62213 0.4079745 0.02889902 -0.9125358 -71.45144 -0.00449618 0.9995504 0.02964455 1.032362 0.9129823 -0.007991289 0.4079211 1.51356
13.72651 0.4589753 0.02786762 -0.8880119 -71.81419 -0.004383319 0.9995668 0.02910289 1.040291 0.8884383 -0.009465065 0.4588986 1.753829
13.83076 0.5069013 0.02653927 -0.8615955 -72.17075 -0.00318102 0.9995767 0.02891796 1.045549 0.8619983 -0.01191779 0.5067711 2.013647
13.93513 0.5520074 0.02262555 -0.8335322 -72.50742 0.00400191 0.9995484 0.02978219 1.049184 0.8338297 -0.0197757 0.5516675 2.296944
14.03938 0.5956629 0.01585576 -0.803078 -72.81071 0.01549808 0.9993921 0.03122705 1.052187 0.803085 -0.03104695 0.5950551 2.601772
14.14365 0.6381226 0.01052786 -0.7698628 -73.10855 0.01763745 0.9994442 0.02828668 1.052214 0.7697328 -0.03162878 0.6375822 2.908665
14.24788 0.6793713 0.006183858 -0.7337686 -73.38524 0.01438602 0.99966 0.0217442 1.051991 0.7336537 -0.02532839 0.6790514 3.220823
14.35215 0.719879 -0.001153949 -0.6940987 -73.65932 0.01134516 0.9998846 0.01010422 1.056081 0.6940069 -0.01514848 0.719809 3.554385
14.45638 0.759359 -0.004902043 -0.6506534 -73.91333 0.007111606 0.9999744 0.0007659137 1.058753 0.650633 -0.00520879 0.7593745 3.91127
14.56063 0.7967185 -0.006044423 -0.6043204 -74.16588 0.005806608 0.9999804 -0.002346559 1.057855 0.6043228 -0.001639502 0.7967379 4.300551
14.66488 0.8310408 -0.008059018 -0.556153 -74.40171 0.006588534 0.9999675 -0.004645155 1.057076 0.5561724 0.0001960829 0.8310669 4.71851
14.76901 0.8620977 -0.007374496 -0.5066885 -74.61515 0.00411451 0.999963 -0.007553191 1.053457 0.5067255 0.004426815 0.8620961 5.155827
14.87316 0.8886387 -0.005432656 -0.4585759 -74.8256 0.003165614 0.9999786 -0.00571215 1.044844 0.4585971 0.003624365 0.8886369 5.623155
14.97715 0.9103879 0.0001247129 -0.4137557 -75.01816 -0.002268793 0.9999864 -0.00469062 1.038119 0.4137495 0.005209011 0.9103759 6.110247
15.08116 0.9282975 0.004418182 -0.3718121 -75.20557 -0.007412496 0.9999506 -0.006624412 1.035836 0.3717645 0.008905481 0.9282844 6.618096
15.18501 0.9422181 0.008825716 -0.3348837 -75.37989 -0.01143552 0.9999176 -0.005822212 1.030282 0.3348048 0.009315364 0.9422415 7.151976
15.28876 0.9526123 0.01032154 -0.3040119 -75.5393 -0.01194835 0.9999225 -0.003491331 1.020134 0.3039523 0.006958325 0.9526619 7.706095
15.39248 0.9601292 0.009160134 -0.2794067 -75.69196 -0.01017334 0.9999459 -0.002176331 1.010452 0.2793717 0.00493206 0.9601704 8.281091
15.49619 0.9661414 0.008961543 -0.2578573 -75.83698 -0.009326138 0.9999565 -0.0001908557 1.004688 0.2578444 0.002589208 0.966183 8.874404
15.59991 0.9708685 0.01164663 -0.2393295 -75.98069 -0.01133083 0.9999321 0.002695421 0.9966334 0.2393447 9.490508e-05 0.9709347 9.486418
15.70361 0.9745261 0.01556476 -0.2237336 -76.12225 -0.01516088 0.9998788 0.003522981 0.9889481 0.2237613 -4.123826e-05 0.974644 10.1122
15.80732 0.9775062 0.02013451 -0.2099436 -76.25804 -0.01939283 0.9997963 0.005591008 0.9812746 0.2100134 -0.001393842 0.9776975 10.75522
15.91101 0.980298 0.01842505 -0.1966633 -76.37903 -0.01774418 0.9998289 0.00522375 0.9768095 0.1967259 -0.0016312 0.9804572 11.41499
16.01476 0.9829611 0.01830401 -0.1828999 -76.49294 -0.01770182 0.9998312 0.004924682 0.973449 0.1829592 -0.001603108 0.9831192 12.0915
16.11855 0.985573 0.01863308 -0.1682221 -76.60203 -0.01798644 0.9998238 0.005367037 0.9705966 0.1682925 -0.002263888 0.9857345 12.78422
16.22236 0.9879063 0.01985395 -0.1537755 -76.70271 -0.01919323 0.9997991 0.005780145 0.9650851 0.1538594 -0.002758791 0.9880889 13.49407
16.32614 0.9898226 0.01986472 -0.1409137 -76.79658 -0.0195985 0.9998025 0.003276917 0.9546485 0.140951 -0.0004818675 0.9900165 14.2125
16.42989 0.9913422 0.02118524 -0.1295831 -76.88462 -0.02151281 0.9997679 -0.001128479 0.9437305 0.1295291 0.003906406 0.9915679 14.94545
16.53376 0.9926196 0.01845295 -0.1198577 -76.96463 -0.0195747 0.9997748 -0.008188277 0.9352274 0.1196796 0.01047402 0.9927573 15.68785
16.63752 0.9935925 0.01788793 -0.1115977 -77.04091 -0.01906292 0.9997734 -0.009470564 0.9267552 0.111403 0.01153726 0.9937084 16.44684
16.74126 0.9943126 0.01972079 -0.1046592 -77.11873 -0.02014681 0.9997925 -0.00301479 0.9133109 0.104578 0.005106192 0.9945036 17.21856
16.84514 0.9947552 0.02430267 -0.09935508 -77.19881 -0.02389875 0.9997006 0.005253839 0.8975356 0.09945301 -0.00285182 0.9950382 17.99359
16.94889 0.995155 0.02547064 -0.09496225 -77.27201 -0.02458401 0.9996426 0.01049518 0.885944 0.09519564 -0.008109779 0.9954256 18.76754
17.05263 0.9955248 0.02343596 -0.0915485 -77.33723 -0.02275392 0.999705 0.008486912 0.87656 0.09172041 -0.006365842 0.9957645 19.53401
17.15642 0.9958152 0.02366515 -0.08827304 -77.40244 -0.02309353 0.9997052 0.007491474 0.867371 0.08842431 -0.005421586 0.9960682 20.30151
17.26028 0.9961043 0.02209172 -0.08537129 -77.46374 -0.02137124 0.9997279 0.009344273 0.8595219 0.0855545 -0.007483377 0.9963054 21.07246
17.364 0.9963535 0.02020556 -0.08289442 -77.52113 -0.01925622 0.9997397 0.01223602 0.8514204 0.08312008 -0.01059517 0.9964832 21.84296
17.46789 0.9966536 0.01782813 -0.07977275 -77.5734 -0.01673759 0.9997574 0.01431852 0.8408161 0.08000867 -0.0129354 0.9967102 22.61434
17.57166 0.9968839 0.0170707 -0.07701412 -77.6221 -0.01623422 0.9998023 0.01147455 0.8279106 0.07719478 -0.01018853 0.996964 23.37766
17.67551 0.9969879 0.01955555 -0.07505097 -77.67675 -0.01932613 0.9998061 0.003782018 0.8191268 0.07511038 -0.00232018 0.9971725 24.13827
17.77939 0.997095 0.02005108 -0.07348164 -77.7342 -0.02039302 0.9997844 -0.003906001 0.8046718 0.07338749 0.005393166 0.9972889 24.89811
17.88314 0.9971687 0.02063475 -0.07231107 -77.78961 -0.02132267 0.9997343 -0.008754247 0.7903154 0.07211122 0.01027133 0.9973437 25.65478
17.98701 0.9972686 0.02248671 -0.0703537 -77.84614 -0.02302359 0.9997116 -0.006829295 0.7739409 0.07017985 0.008430436 0.9974987 26.42191
18.09088 0.9973626 0.02544213 -0.06797409 -77.90878 -0.02571467 0.9996644 -0.003137224 0.7508496 0.06787147 0.004876881 0.9976822 27.18067
18.19476 0.9974099 0.02928043 -0.06569765 -77.96897 -0.02918789 0.9995711 0.002368255 0.7293732 0.06573882 -0.0004445438 0.9978368 27.93923
18.29851 0.9976148 0.02726027 -0.06341609 -78.02007 -0.02705552 0.9996256 0.004085521 0.713706 0.06350372 -0.002360019 0.9979788 28.692
18.40239 0.9977642 0.02414407 -0.06231882 -78.06469 -0.02395666 0.9997059 0.003753051 0.6969693 0.06239112 -0.002251708 0.9980492 29.44067
18.50626 0.9978606 0.02223991 -0.06147886 -78.1097 -0.0220172 0.9997483 0.004297682 0.6798769 0.06155897 -0.002934894 0.9980991 30.19277
18.61013 0.9979345 0.02226502 -0.06025832 -78.15548 -0.02214324 0.9997512 0.00268805 0.6647429 0.06030318 -0.001348182 0.9981792 30.94569
18.71391 0.9980139 0.02011648 -0.05969513 -78.1981 -0.02011991 0.9997974 0.000543724 0.6476766 0.05969397 0.0006584171 0.9982165 31.7013
18.81776 0.9980837 0.0185388 -0.05903657 -78.24233 -0.0185066 0.9998281 0.001092321 0.6301632 0.05904668 2.33981e-06 0.9982552 32.46413
18.92164 0.9980745 0.02157565 -0.05815252 -78.29498 -0.02151672 0.9997671 0.001639538 0.6149092 0.05817435 -0.0003851293 0.9983064 33.23079
19.02551 0.9980777 0.02145585 -0.05814208 -78.34624 -0.02145232 0.9997696 0.000684928 0.5990528 0.05814338 0.0005636721 0.9983081 34.00093
19.12939 0.9979711 0.0215927 -0.05989508 -78.39928 -0.02159192 0.9997666 0.0006603379 0.5789981 0.05989536 0.0006342523 0.9982045 34.77685
19.23326 0.9978929 0.019122 -0.06200057 -78.44974 -0.01908247 0.9998171 0.001229822 0.5641545 0.06201275 -4.410566e-05 0.9980754 35.56152
19.33701 0.9976774 0.02011746 -0.06507739 -78.50718 -0.02011485 0.9997974 0.0006953249 0.5473641 0.0650782 0.0006153131 0.99788 36.34754
19.44089 0.997391 0.02402159 -0.06807438 -78.57152 -0.02400464 0.9997113 0.001067185 0.5285291 0.06808036 0.0005697015 0.9976797 37.14347
19.54476 0.9971704 0.02553434 -0.07070529 -78.63617 -0.02581427 0.9996621 -0.003047894 0.5110168 0.07060358 0.004864475 0.9974926 37.93752
19.64851 0.9969805 0.02538411 -0.07338608 -78.7004 -0.02603828 0.9996291 -0.007970985 0.4940833 0.07315654 0.009857764 0.9972718 38.73523
19.75239 0.9968668 0.0242054 -0.0753035 -78.7627 -0.02494465 0.9996493 -0.008891721 0.4825696 0.07506187 0.01074228 0.997121 39.54602
19.85626 0.9966769 0.02519982 -0.07746066 -78.82862 -0.02586973 0.999636 -0.007656899 0.4646182 0.07723952 0.00963534 0.996966 40.36454
19.96014 0.9965245 0.02452513 -0.07960794 -78.89593 -0.02510311 0.9996652 -0.006267558 0.4461482 0.07942758 0.008244181 0.9968066 41.19468
20.06401 0.996414 0.02263245 -0.08152874 -78.95989 -0.02312866 0.9997192 -0.005146836 0.4339025 0.08138937 0.007014029 0.9966577 42.03064
20.16793 0.9963375 0.02221964 -0.08257034 -79.02897 -0.02241261 0.9997478 -0.001410729 0.420782 0.08251817 0.003256179 0.9965843 42.87429
20.27189 0.9962742 0.02183304 -0.08343279 -79.10034 -0.02163733 0.9997606 0.003249453 0.4039919 0.08348377 -0.001432082 0.9965081 43.72474
20.37576 0.9963146 0.02183582 -0.08294879 -79.1713 -0.02140884 0.9997526 0.006033575 0.3888969 0.08306002 -0.0042355 0.9965356 44.57894
20.47975 0.9964057 0.02536308 -0.08082327 -79.24668 -0.02496686 0.9996708 0.005909382 0.3756583 0.08094655 -0.003870238 0.9967109 45.43863
20.58364 0.996552 0.02539001 -0.07899005 -79.31863 -0.02509685 0.9996739 0.004702072 0.3639286 0.07908368 -0.002703457 0.9968643 46.2992
20.68751 0.9967286 0.02305048 -0.07746535 -79.38492 -0.02293337 0.9997341 0.002401242 0.3498958 0.07750011 -0.0006168441 0.9969922 47.16296
20.79153 0.9969335 0.01893559 -0.07592862 -79.44527 -0.01895157 0.9998202 0.0005102881 0.3344377 0.07592464 0.0009302438 0.9971131 48.03166
20.89539 0.9971031 0.01749554 -0.07402269 -79.50861 -0.01751297 0.9998465 0.0004136421 0.3209956 0.07401858 0.0008839143 0.9972565 48.90207
20.99926 0.9972126 0.0158157 -0.07291775 -79.57376 -0.01565802 0.9998736 0.002733572 0.3027919 0.07295177 -0.001584204 0.9973342 49.77895
21.10327 0.997304 0.0127052 -0.07227324 -79.63392 -0.01234224 0.9999089 0.005466448 0.2867505 0.07233611 -0.004559694 0.9973699 50.6563
21.20714 0.9973788 0.01166362 -0.07141078 -79.69742 -0.01127732 0.9999195 0.00581041 0.2720427 0.07147281 -0.004989856 0.9974301 51.52945
21.31112 0.9974314 0.01336104 -0.07037133 -79.76468 -0.01315987 0.9999079 0.003321583 0.2574406 0.07040924 -0.002386972 0.9975153 52.39664
21.41504 0.9974391 0.01598027 -0.06971308 -79.83358 -0.01619357 0.9998657 -0.002495506 0.2408602 0.06966385 0.003618019 0.997564 53.2548
21.51901 0.9974783 0.0176675 -0.06873771 -79.90039 -0.01824544 0.9998032 -0.007789141 0.2201002 0.06858657 0.009023648 0.9976044 54.1135
21.6229 0.9974312 0.02221504 -0.06809873 -79.96964 -0.0232407 0.9996275 -0.01430614 0.1922996 0.06775555 0.01585205 0.997576 54.96562
21.72689 0.9974862 0.02287299 -0.06706849 -80.03259 -0.02394011 0.9995986 -0.0151503 0.1649343 0.06669504 0.01671784 0.9976334 55.81906
21.83076 0.9975764 0.01936231 -0.06683203 -80.09273 -0.02008845 0.999746 -0.01021019 0.1408072 0.06661737 0.011528 0.997712 56.67063
21.93464 0.9975594 0.01905347 -0.06717376 -80.15558 -0.01905553 0.9998182 0.0006101767 0.1161116 0.06717318 0.0006713453 0.9977411 57.52689
22.03866 0.9974598 0.02043472 -0.06823714 -80.22244 -0.01982576 0.9997574 0.009589694 0.09233457 0.06841656 -0.008212479 0.997623 58.37775
22.14262 0.9973475 0.01637144 -0.07092222 -80.28086 -0.01600464 0.9998554 0.005737102 0.07510008 0.0710059 -0.004586798 0.9974654 59.2131
22.24654 0.9972626 0.01027044 -0.07322438 -80.33871 -0.0101214 0.9999459 0.002406207 0.05914325 0.07324513 -0.001658486 0.9973126 60.04264
22.35039 0.9970686 0.009839836 -0.0758772 -80.40305 -0.009745675 0.9999512 0.001611168 0.04000654 0.07588935 -0.0008669694 0.9971159 60.87223
22.45439 0.9968586 0.01117945 -0.07840894 -80.47401 -0.01129988 0.9999355 -0.0010923 0.0182673 0.07839168 0.001974881 0.9969207 61.69567
22.55837 0.9965538 0.01302843 -0.08191992 -80.54972 -0.01342493 0.9999006 -0.004291024 -0.003742664 0.08185588 0.005376005 0.9966297 62.51365
22.66227 0.9962044 0.01356199 -0.08598214 -80.62089 -0.01429631 0.9998663 -0.007930284 -0.02632294 0.08586311 0.00912941 0.9962651 63.32787
22.76614 0.9959022 0.0146975 -0.08923512 -80.69604 -0.01586026 0.9997981 -0.01233511 -0.05452812 0.08903581 0.01369985 0.9959342 64.13629
22.87016 0.9955324 0.02018083 -0.09223929 -80.7781 -0.02133438 0.9997058 -0.01153712 -0.08379998 0.09197933 0.01345344 0.99567 64.94508
22.97402 0.995136 0.02300598 -0.09578676 -80.85967 -0.02409303 0.9996576 -0.0102074 -0.1090773 0.09551914 0.01246554 0.9953495 65.75279
23.07801 0.9946717 0.02644463 -0.09964404 -80.94518 -0.02706427 0.9996218 -0.00487164 -0.136047 0.09947753 0.007542475 0.9950112 66.55929
23.18199 0.9942522 0.02749508 -0.1034727 -81.03408 -0.02742471 0.9996216 0.002103045 -0.1573834 0.1034913 0.0007467515 0.9946301 67.3635
23.28591 0.9937512 0.02685355 -0.1083396 -81.12341 -0.02642608 0.9996363 0.005379751 -0.1755819 0.1084446 -0.002483143 0.9940994 68.15999
23.38977 0.9930349 0.0264096 -0.1148227 -81.21916 -0.02589901 0.9996469 0.005936642 -0.1913565 0.1149389 -0.002921497 0.9933683 68.9488
23.49376 0.9923841 0.02388637 -0.1208442 -81.31685 -0.02290157 0.9996923 0.009531912 -0.2042169 0.1210347 -0.006691793 0.9926257 69.73955
23.59764 0.9915731 0.02407923 -0.127291 -81.42164 -0.02304024 0.9996881 0.009628695 -0.2174815 0.1274832 -0.006614737 0.9918187 70.5203
23.70151 0.9906752 0.0287854 -0.1331689 -81.54226 -0.02781246 0.9995712 0.0091609 -0.2305564 0.1333755 -0.00537172 0.991051 71.29191
23.80554 0.9898411 0.03060365 -0.1388453 -81.66368 -0.03013394 0.9995308 0.005484427 -0.2426308 0.138948 -0.001244755 0.9902989 72.05943
23.90939 0.9889858 0.02968952 -0.1450022 -81.78344 -0.02963715 0.9995575 0.002521779 -0.2550723 0.1450129 0.00180345 0.9894281 72.82193
24.01339 0.9881343 0.03153952 -0.1503194 -81.91089 -0.03159826 0.9994986 0.001998407 -0.2691768 0.1503071 0.002775138 0.9886355 73.58474
24.11727 0.9873798 0.03326103 -0.154838 -82.0491 -0.03277161 0.9994465 0.005713068 -0.2836517 0.1549424 -0.0005666748 0.9879234 74.34335
24.22127 0.986403 0.03427245 -0.1607315 -82.18657 -0.03300776 0.9993996 0.01053264 -0.2975894 0.160996 -0.005084039 0.986942 75.10124
24.32514 0.9853626 0.03400571 -0.1670456 -82.32699 -0.03223878 0.999392 0.01327876 -0.3160459 0.1673956 -0.007699045 0.9858598 75.85198
24.42914 0.984229 0.03187628 -0.1740035 -82.46709 -0.03058414 0.9994811 0.01010295 -0.3273793 0.1742353 -0.004621867 0.9846932 76.5947
24.53302 0.9827805 0.02892232 -0.1824992 -82.61416 -0.02899126 0.999577 0.002290686 -0.3380953 0.1824882 0.003039639 0.9832033 77.33161
24.63689 0.9811245 0.02632367 -0.1915771 -82.76564 -0.02684762 0.9996395 -0.000139223 -0.3542448 0.1915044 0.005279985 0.9814776 78.06923
24.74076 0.9789754 0.02717525 -0.2021601 -82.93034 -0.02694436 0.9996293 0.003894513 -0.3753983 0.202191 0.001634442 0.9793448 78.80777
24.84464 0.976612 0.0261093 -0.213418 -83.10119 -0.02486657 0.9996546 0.008505821 -0.386632 0.2135664 -0.00299991 0.976924 79.54411
24.94851 0.9739399 0.02838646 -0.2250227 -83.28409 -0.02525288 0.99954 0.01679221 -0.3994934 0.2253959 -0.01067213 0.9742088 80.28097
25.05239 0.9712876 0.02949127 -0.2360734 -83.46726 -0.02505677 0.9994491 0.02176316 -0.4083909 0.2365852 -0.01522305 0.9714915 81.0106
25.15627 0.968319 0.03263245 -0.247575 -83.6579 -0.0292331 0.9994212 0.01739514 -0.4178227 0.2479994 -0.009606655 0.9687126 81.72568
25.26014 0.9651691 0.03120823 -0.2597589 -83.85643 -0.03033783 0.9995126 0.007360235 -0.4258951 0.259862 0.000776652 0.9656455 82.4307
25.36401 0.9618068 0.02926476 -0.2721603 -84.05742 -0.02967254 0.9995562 0.002618079 -0.4274942 0.2721162 0.0055576 0.9622484 83.14038
25.46789 0.95831 0.02728584 -0.2844247 -84.26582 -0.02654382 0.9996267 0.006463758 -0.4288742 0.2844949 0.001355435 0.9586766 83.86239
25.57179 0.9548139 0.02935585 -0.295751 -84.49278 -0.02609382 0.9995474 0.01497147 -0.4369496 0.2960566 -0.006577694 0.9551477 84.58416
25.67564 0.9511074 0.03068897 -0.3073318 -84.72751 -0.02552079 0.9994574 0.02082214 -0.4424402 0.3078041 -0.01196073 0.9513746 85.30299
25.77952 0.9470296 0.02680373 -0.3200258 -84.96507 -0.02186718 0.9995801 0.01900979 -0.4446969 0.3204009 -0.01100477 0.9472181 86.01174
25.88339 0.9430702 0.02468379 -0.3316766 -85.2123 -0.02123288 0.9996762 0.01402483 -0.4477484 0.3319154 -0.006183949 0.9432889 86.71556
25.98739 0.9398766 0.02184172 -0.3408152 -85.46879 -0.02010926 0.9997606 0.00861545 -0.4551185 0.3409218 -0.001243917 0.9400909 87.41701
26.09127 0.9371067 0.01714544 -0.3486217 -85.72668 -0.01775628 0.9998413 0.001443362 -0.4633066 0.3485911 0.004837642 0.9372624 88.11804
26.19527 0.9343112 0.01670852 -0.3560666 -85.99632 -0.01806969 0.9998366 -0.0004968568 -0.4725988 0.3560002 0.006898232 0.9344604 88.82079
26.29929 0.9312646 0.02180425 -0.3636906 -86.28029 -0.02362202 0.9997208 -0.0005504198 -0.4872714 0.3635771 0.009103693 0.9315197 89.52111
26.40314 0.928143 0.02311602 -0.3715053 -86.56905 -0.0239884 0.9997096 0.002273564 -0.4896331 0.37145 0.006801627 0.9284281 90.21553
26.50702 0.9249334 0.02313847 -0.3794244 -86.86039 -0.02178644 0.9997317 0.007857321 -0.4833979 0.3795045 0.0009988106 0.9251894 90.91809
26.61102 0.92208 0.02377708 -0.3862682 -87.15878 -0.01933902 0.9996948 0.01537198 -0.4804139 0.3865158 -0.006704146 0.9222584 91.62194
26.71489 0.919344 0.03416534 -0.3919686 -87.47632 -0.02709705 0.9993553 0.02355242 -0.4825025 0.3925206 -0.01103158 0.9196771 92.3185
26.81889 0.916673 0.0422296 -0.3974007 -87.8025 -0.03629672 0.999089 0.02244315 -0.4756232 0.3979864 -0.006148685 0.9173707 93.00351
26.92289 0.9142241 0.03856213 -0.4033699 -88.11795 -0.03615563 0.9992538 0.0135831 -0.4680556 0.4035928 0.002166101 0.9149362 93.68698
27.02689 0.9121701 0.03050276 -0.408675 -88.42784 -0.03076794 0.999509 0.005926946 -0.4619748 0.4086552 0.007167704 0.9126607 94.37577
27.13089 0.9103967 0.03049936 -0.4126108 -88.74901 -0.03152904 0.9994935 0.004313954 -0.4631796 0.4125334 0.009081815 0.9108972 95.06817
27.23477 0.9082629 0.03717963 -0.4167447 -89.08452 -0.03633541 0.99929 0.009960858 -0.466622 0.4168192 0.006095514 0.908969 95.76606
27.33864 0.9057833 0.04006249 -0.4218431 -89.41637 -0.03736374 0.9991941 0.01466603 -0.4736535 0.4220907 0.002477394 0.9065502 96.46571
27.44266 0.9033931 0.03685824 -0.4272264 -89.74796 -0.03407694 0.9993189 0.01415707 -0.4788901 0.4274572 0.001769167 0.9040339 97.16351
27.54652 0.9012369 0.03463436 -0.4319404 -90.08495 -0.03478352 0.9993663 0.007557112 -0.4847031 0.4319284 0.00821366 0.9018705 97.84976
27.65052 0.8990019 0.03151276 -0.4368096 -90.42665 -0.0349525 0.9993889 0.0001628784 -0.4875902 0.4365478 0.01512116 0.899554 98.53474
27.75439 0.8966246 0.03188904 -0.4416416 -90.77493 -0.03638479 0.9993364 -0.001710908 -0.4958138 0.441294 0.01760308 0.8971899 99.21955
27.85841 0.8945911 0.03566952 -0.4454599 -91.13104 -0.03821885 0.999264 0.003261876 -0.5064823 0.4452484 0.01410692 0.895296 99.9095
27.9623 0.8924765 0.03705554 -0.4495694 -91.48703 -0.03875384 0.999234 0.005428021 -0.5172294 0.4494262 0.01257816 0.8932289 100.5948
28.06615 0.8901319 0.03804467 -0.4541121 -91.84 -0.03946244 0.9992008 0.006358551 -0.526198 0.4539911 0.01226042 0.8909219 101.2774
28.17002 0.8878868 0.03673343 -0.4585932 -92.19617 -0.03816812 0.9992524 0.006142706 -0.5349382 0.458476 0.01204961 0.8886251 101.9541
28.27404 0.8857904 0.03453353 -0.4627988 -92.55294 -0.03625907 0.999329 0.005169495 -0.5434586 0.4626668 0.01220156 0.8864483 102.6273
28.37789 0.8836111 0.03434905 -0.46696 -92.91478 -0.0356371 0.9993463 0.006076049 -0.5511717 0.4668634 0.01127223 0.8842576 103.2961
28.48189 0.8813923 0.03522323 -0.47107 -93.28321 -0.0365877 0.9993108 0.006264141 -0.5589669 0.470966 0.0117142 0.8820736 103.9601
28.58577 0.8790575 0.03637209 -0.4753262 -93.65046 -0.03747987 0.9992718 0.007150149 -0.5659964 0.4752401 0.01152977 0.8797806 104.6187
28.68966 0.8766763 0.03328006 -0.4799282 -94.01507 -0.03630651 0.9993362 0.002977368 -0.5767572 0.4797088 0.01481433 0.8773027 105.2674
28.79367 0.874388 0.03013636 -0.4842906 -94.38211 -0.03517202 0.9993804 -0.001313869 -0.588392 0.483951 0.01818231 0.8749062 105.9103
28.89752 0.8722627 0.0282158 -0.4882229 -94.74824 -0.03480935 0.9993841 -0.004433357 -0.5980777 0.4877972 0.02086177 0.8727077 106.5472
29.00152 0.8702813 0.02978177 -0.4916539 -95.12335 -0.03479658 0.9993938 -0.001055815 -0.6050065 0.4913244 0.01802673 0.8707901 107.1878
29.10539 0.8684481 0.03401415 -0.4946119 -95.49621 -0.0347069 0.9993672 0.007786899 -0.6134439 0.4945638 0.01040393 0.8690791 107.8233
29.20939 0.8669419 0.03641112 -0.4970774 -95.86451 -0.0319704 0.9993366 0.01744294 -0.6210034 0.4973828 0.0007697512 0.8675309 108.4529
29.31327 0.8654369 0.03625525 -0.4997044 -96.2232 -0.02861616 0.9993271 0.02294432 -0.6251307 0.5002 -0.005557237 0.8658921 109.0677
29.41727 0.863873 0.03277621 -0.5026421 -96.57402 -0.02481486 0.9994383 0.02252282 -0.6245992 0.503098 -0.006983865 0.8642012 109.6683
29.52114 0.8621072 0.03082854 -0.5057872 -96.92077 -0.02471299 0.9995178 0.01879927 -0.6262052 0.5061229 -0.003707466 0.8624534 110.2481
29.62502 0.860488 0.02901689 -0.5086437 -97.26338 -0.02420205 0.9995777 0.01608015 -0.6273272 0.5088956 -0.001526556 0.8608269 110.8135
29.72904 0.8589787 0.02761315 -0.5112661 -97.60083 -0.02319451 0.9996181 0.01501961 -0.627085 0.5114857 -0.001042954 0.8592912 111.3654
29.8329 0.8576929 0.02552506 -0.5135284 -97.92433 -0.02122491 0.9996733 0.01423928 -0.6283274 0.5137241 -0.001313337 0.8579545 111.9025
29.93677 0.8563908 0.02615873 -0.5156651 -98.24175 -0.02116463 0.9996549 0.01556149 -0.6324615 0.5158942 -0.002412857 0.8566489 112.4233
30.04077 0.8551887 0.02632932 -0.5176476 -98.55027 -0.02027669 0.9996439 0.01734686 -0.6360649 0.51792 -0.004338655 0.8554181 112.9252
30.14465 0.8538736 0.02501776 -0.5198789 -98.84348 -0.01842777 0.999671 0.01783982 -0.636794 0.5201542 -0.005652739 0.8540537 113.4056
30.24852 0.8525658 0.02300783 -0.5221132 -99.12485 -0.01598964 0.9997111 0.01794433 -0.6384109 0.5223752 -0.006950316 0.8526874 113.8657
