0 1 1.197624e-11 1.704639e-10 3.214096e-14 1.197625e-11 1 3.562503e-10 -1.998401e-15 1.704639e-10 3.562503e-10 1 -4.041212e-14
0.103992 0.9999956 0.002872219 0.0006839952 0.003879738 -0.002873712 0.9999934 0.002190302 -0.1849906 -0.0006776995 -0.002192257 0.9999974 0.8085136
0.207866 0.9999832 0.005587658 0.001562738 0.007192398 -0.005592623 0.9999792 0.003190365 -0.3682362 -0.001544879 -0.00319905 0.9999937 1.630418
0.3117268 0.9999733 0.006921214 0.002355063 0.02045472 -0.006928386 0.9999713 0.003050144 -0.5523196 -0.002333885 -0.003066378 0.9999926 2.389887
0.4157279 0.9999566 0.00889145 0.002795368 0.02958663 -0.008899773 0.9999559 0.002978514 -0.734327 -0.002768761 -0.003003261 0.9999917 3.173915
0.5196006 0.9999525 0.009051769 0.003609113 0.03335121 -0.009062748 0.9999543 0.003036917 -0.9183096 -0.003581458 -0.00306948 0.9999889 3.898587
0.6236043 0.9999467 0.009344229 0.004393637 0.03816708 -0.009363343 0.9999467 0.00434958 -1.102394 -0.00435276 -0.004390486 0.9999809 4.630767
0.7276011 0.9999351 0.01002404 0.005411108 0.05059318 -0.01006298 0.9999233 0.007217335 -1.285097 -0.005338346 -0.007271317 0.9999593 5.321596
0.8316031 0.9999263 0.009856341 0.007085165 0.05170819 -0.009936435 0.9998861 0.01135916 -1.470593 -0.006972398 -0.01142872 0.9999104 5.969282
0.9354782 0.9999227 0.00903604 0.00854475 0.06247458 -0.009164425 0.9998439 0.01510696 -1.655746 -0.008406909 -0.0151841 0.9998494 6.584575
1.039479 0.9999187 0.008184367 0.009779584 0.07747077 -0.008356401 0.9998087 0.01768149 -1.839855 -0.009633002 -0.01776177 0.9997959 7.17943
1.143476 0.9998992 0.008569443 0.01131733 0.09159598 -0.008771741 0.9998004 0.01794785 -2.023392 -0.01116127 -0.01804531 0.9997749 7.763325
1.247351 0.9998704 0.009739189 0.01281973 0.07806213 -0.009942603 0.9998241 0.01590012 -2.20695 -0.01266263 -0.01602552 0.9997914 8.294502
1.351354 0.9998544 0.009705443 0.01403662 0.05269462 -0.009883636 0.9998707 0.01268159 -2.394913 -0.01391173 -0.01281847 0.9998211 8.771047
1.455351 0.999839 0.008391631 0.01586179 0.04539942 -0.008573432 0.9998979 0.01142837 -2.579811 -0.01576427 -0.01156252 0.9998089 9.219163
1.559353 0.9998292 0.004730911 0.0178643 0.03629999 -0.004897407 0.9999448 0.009287785 -2.767953 -0.01781938 -0.009373685 0.9997973 9.647129
1.663351 0.9998011 0.002371753 0.01980421 0.04725479 -0.00252994 0.999965 0.007966288 -2.953575 -0.01978462 -0.008014805 0.9997721 10.0472
1.767351 0.999732 0.006671026 0.02216805 0.04201541 -0.006814894 0.9999561 0.006420606 -3.142551 -0.02212425 -0.006569956 0.9997337 10.4353
1.871356 0.9996154 0.01130346 0.02532319 0.03769119 -0.01144998 0.9999185 0.005648136 -3.333269 -0.02525729 -0.005935912 0.9996634 10.75569
1.975354 0.9995108 0.01217647 0.02880683 0.0317648 -0.01236975 0.9999021 0.006540985 -3.523226 -0.02872436 -0.006894116 0.9995636 11.04825
2.079357 0.9994553 0.008077445 0.03199665 0.05072266 -0.008312721 0.9999393 0.007226896 -3.706655 -0.03193634 -0.007488937 0.9994619 11.32402
2.183231 0.9993994 0.002921373 0.03452893 0.07039616 -0.003148932 0.9999736 0.006537843 -3.888842 -0.03450892 -0.006642644 0.9993823 11.57202
2.287229 0.9993136 -0.000627053 0.0370392 0.095297 0.0003258714 0.9999668 0.008136908 -4.071233 -0.03704308 -0.008119251 0.9992807 11.79524
2.391227 0.9992103 -0.001028734 0.03971975 0.09028128 0.0006523598 0.9999548 0.00948754 -4.268076 -0.03972772 -0.009454134 0.9991658 11.89602
2.495124 0.9991274 -0.0002084992 0.04176701 0.09669037 -0.0001395792 0.9999653 0.008330723 -4.457474 -0.04176729 -0.008329281 0.9990927 12.008
2.599102 0.9990296 0.0006213576 0.04403971 0.1064885 -0.0009165791 0.9999772 0.006683651 -4.644611 -0.04403456 -0.006717529 0.9990074 12.10436
2.703101 0.9989076 0.002813382 0.04664482 0.112343 -0.003078608 0.9999795 0.005615203 -4.83371 -0.04662806 -0.005752669 0.9988958 12.19147
2.807134 0.9988112 0.005743441 0.04840768 0.1244047 -0.006004889 0.9999681 0.005257229 -5.021684 -0.04837595 -0.00554166 0.9988138 12.28097
2.910979 0.9987373 0.007422855 0.0496871 0.1056002 -0.007627692 0.9999631 0.003934157 -5.220757 -0.04965607 -0.004308186 0.9987571 12.29323
3.014982 0.9986443 0.00663548 0.05162929 0.1073966 -0.006749877 0.9999751 0.00204167 -5.410556 -0.05161447 -0.002387392 0.9986642 12.33543
3.118993 0.9985752 0.00536011 0.05309252 0.1060557 -0.005390645 0.9999854 0.0004319112 -5.599752 -0.05308943 -0.000717498 0.9985895 12.36696
3.223003 0.9985214 0.004548472 0.05417033 0.1205438 -0.004516012 0.9999895 -0.0007216379 -5.782798 -0.05417305 0.0004759374 0.9985315 12.42383
3.326977 0.998437 0.005270555 0.05563918 0.1175632 -0.005162522 0.9999845 -0.002085249 -5.973298 -0.05564931 0.001794751 0.9984488 12.44527
3.430852 0.9983586 0.006302588 0.0569247 0.1252757 -0.006070502 0.9999725 -0.004249087 -6.160582 -0.05694992 0.00389655 0.9983694 12.48072
3.534749 0.9983128 0.006443194 0.05770626 0.1270332 -0.006078422 0.9999604 -0.00649451 -6.350324 -0.05774583 0.006132789 0.9983125 12.5006
3.63873 0.9982767 0.005676981 0.05840777 0.1425398 -0.005172603 0.999948 -0.008783055 -6.534828 -0.0584546 0.008465798 0.9982542 12.54514
3.74273 0.9983039 0.004780262 0.05802114 0.1569458 -0.004162037 0.9999333 -0.01077135 -6.719215 -0.05806876 0.01051159 0.9982573 12.59012
3.846729 0.998424 0.00428018 0.05595733 0.1601825 -0.003612148 0.999921 -0.01203394 -6.90392 -0.05600442 0.01181285 0.9983606 12.6296
3.950602 0.9985875 0.004443316 0.05294651 0.1504195 -0.003758633 0.9999081 -0.01302418 -7.091533 -0.05299952 0.01280677 0.9985124 12.65651
4.054603 0.9987906 0.005077515 0.04890448 0.1515087 -0.00438827 0.9998897 -0.01419078 -7.275414 -0.04897114 0.013959 0.9987027 12.70288
4.15838 0.9990505 0.005410248 0.04323012 0.155181 -0.004750593 0.9998709 -0.01534737 -7.457603 -0.04330758 0.01512742 0.9989473 12.75494
4.262355 0.9993167 0.005333669 0.03657522 0.1567734 -0.004745805 0.9998584 -0.01614082 -7.639654 -0.03665614 0.01595621 0.9992006 12.80649
4.366232 0.9995545 0.005452373 0.02934509 0.146149 -0.004955577 0.9998436 -0.01697565 -7.82327 -0.02943306 0.01682266 0.9994252 12.8366
4.470105 0.9997592 0.005662531 0.0212007 0.1313744 -0.005280664 0.9998236 -0.01802496 -8.006755 -0.02129902 0.01790866 0.9996127 12.86669
4.574104 0.9999268 0.004573882 0.01119881 0.1281229 -0.004356898 0.9998038 -0.01932405 -8.187426 -0.011285 0.01927384 0.9997506 12.9243
4.677976 0.9999934 0.003206484 -0.001725845 0.1181032 -0.003242068 0.9997736 -0.02102607 -8.368884 0.001658035 0.02103152 0.9997774 12.9866
4.78173 0.9998427 0.002398227 -0.01757496 0.1134195 -0.00280307 0.9997304 -0.02304686 -8.547404 0.01751495 0.0230925 0.9995799 13.07848
4.885477 0.9993119 0.002905017 -0.03697792 0.07784537 -0.003796787 0.9997031 -0.02406895 -8.732867 0.03689702 0.02419278 0.9990262 13.14705
4.989228 0.9982647 0.003775973 -0.05876569 0.04601114 -0.005179831 0.9997044 -0.02375509 -8.916116 0.05865862 0.02401826 0.9979891 13.25183
5.092855 0.9965951 0.004491985 -0.08232913 0.002378998 -0.006363678 0.9997269 -0.02248598 -9.098829 0.08220565 0.02293333 0.9963515 13.36218
5.196627 0.9940242 0.005520365 -0.1090201 -0.03834925 -0.00784146 0.9997514 -0.02087327 -9.281445 0.1088778 0.02160341 0.9938204 13.51464
5.300239 0.990274 0.006837615 -0.1389626 -0.1027432 -0.009541583 0.9997777 -0.01880136 -9.464301 0.1388031 0.01994442 0.9901192 13.66245
5.403733 0.9850518 0.007041311 -0.1721142 -0.1784095 -0.009828243 0.9998339 -0.01534554 -9.647142 0.1719776 0.01680773 0.9849575 13.8467
5.5075 0.9779226 0.008129758 -0.2088091 -0.263549 -0.0107414 0.9998776 -0.01137638 -9.829144 0.2086911 0.01336812 0.9778902 14.04914
5.611107 0.9685783 0.009648296 -0.2485216 -0.3773915 -0.01144352 0.9999178 -0.005779958 -10.00672 0.2484454 0.008442305 0.9686091 14.23718
5.714602 0.9569505 0.01368059 -0.2899287 -0.4912886 -0.01459916 0.9998929 -0.001005599 -10.18528 0.2898839 0.005195026 0.9570477 14.46594
5.81823 0.9431378 0.01732265 -0.3319503 -0.6372956 -0.01715754 0.9998469 0.003428447 -10.36472 0.3319589 0.002461953 0.9432907 14.69815
5.921818 0.9268127 0.02016847 -0.3749819 -0.8037392 -0.01812196 0.9997954 0.008983588 -10.53985 0.3750864 -0.001530696 0.9269886 14.9181
6.0255 0.9078697 0.02365652 -0.4185846 -0.9848121 -0.01826631 0.9996906 0.01688019 -10.7177 0.4188544 -0.007679015 0.9080209 15.16902
6.129102 0.8864286 0.02825927 -0.4620019 -1.171897 -0.01944747 0.9995269 0.02382483 -10.89272 0.4624566 -0.01213424 0.8865589 15.40908
6.232877 0.862079 0.03340437 -0.5056718 -1.393517 -0.0219916 0.9993511 0.02852483 -11.06348 0.5062965 -0.01347012 0.8622543 15.59951
6.336478 0.8346104 0.03694401 -0.5496004 -1.628279 -0.02304378 0.9992166 0.03217337 -11.23333 0.5503585 -0.01418736 0.8348079 15.83724
6.440381 0.8042209 0.04061583 -0.592941 -1.909394 -0.02563447 0.9991042 0.03366891 -11.39957 0.5937774 -0.01187751 0.8045417 16.031
6.543978 0.7711116 0.0433731 -0.635221 -2.18364 -0.02609686 0.9989917 0.03653184 -11.56138 0.636165 -0.01159285 0.771466 16.25791
6.647753 0.7346863 0.04707185 -0.676772 -2.477419 -0.02705056 0.9988292 0.04010667 -11.72013 0.6778675 -0.01115876 0.7350994 16.48134
6.751478 0.6963124 0.04886637 -0.7160734 -2.812854 -0.02539172 0.9987322 0.04346463 -11.87697 0.7172896 -0.01208262 0.6966704 16.65771
6.855255 0.6560448 0.04895327 -0.7531326 -3.168635 -0.02271313 0.9987228 0.0451314 -12.03628 0.7543801 -0.01250221 0.6563188 16.89162
6.958977 0.6138729 0.0482325 -0.78793 -3.558518 -0.01781634 0.9987239 0.04725546 -12.1944 0.7892038 -0.01497081 0.6139489 17.11347
7.062878 0.5695872 0.04848083 -0.8204998 -3.975381 -0.0130029 0.9986655 0.04998156 -12.34846 0.8218281 -0.01779998 0.5694575 17.29265
7.166664 0.5233982 0.0501638 -0.8506103 -4.410526 -0.01113655 0.998583 0.05203778 -12.49954 0.8520155 -0.01776361 0.5232152 17.49197
7.270484 0.4744464 0.04980177 -0.8788745 -4.868512 -0.01007275 0.9986401 0.05115074 -12.64852 0.8802268 -0.01541559 0.4743029 17.62521
7.374271 0.4224059 0.04885757 -0.905089 -5.372255 -0.004957667 0.9986558 0.05159466 -12.79641 0.9063932 -0.01730675 0.4220804 17.79999
7.478107 0.3691101 0.04874751 -0.9281064 -5.887262 0.0002489877 0.9986182 0.05255008 -12.94388 0.9293857 -0.01962784 0.3685879 17.95787
7.581857 0.3153256 0.04693099 -0.9478223 -6.444529 0.003824875 0.9987054 0.05072293 -13.08799 0.9489759 -0.01961954 0.3147379 18.049
7.68573 0.2621717 0.05207782 -0.963615 -7.011137 0.004584747 0.9984643 0.05520862 -13.23067 0.9650104 -0.01889206 0.2615303 18.15574
7.789732 0.210809 0.05802377 -0.9758037 -7.603442 0.007000052 0.9981216 0.06086313 -13.37344 0.9775022 -0.01966117 0.2100069 18.24184
7.89378 0.1619793 0.0592847 -0.9850117 -8.252992 0.01313697 0.9979756 0.06222527 -13.51325 0.9867067 -0.02301927 0.1608726 18.28627
7.997735 0.1173383 0.06123356 -0.9912024 -8.902786 0.01586576 0.9978542 0.0635227 -13.65686 0.9929653 -0.02317982 0.116115 18.33142
8.10186 0.07646129 0.06035371 -0.9952442 -9.593783 0.01560785 0.9979715 0.06171821 -13.79526 0.9969504 -0.02025267 0.07536421 18.33353
8.206103 0.04064302 0.05583345 -0.9976125 -10.27763 0.014159 0.9983051 0.05644906 -13.92496 0.9990734 -0.01641945 0.03978358 18.32822
8.31036 0.01125897 0.05491995 -0.9984273 -10.99243 0.01173809 0.9984145 0.05505163 -14.05557 0.9998678 -0.01233945 0.01059647 18.29695
8.41461 -0.01025772 0.05945623 -0.9981782 -11.73793 0.01018075 0.9981852 0.05935203 -14.18805 0.9998956 -0.009553378 -0.01084441 18.2624
8.519107 -0.0237065 0.06555616 -0.9975672 -12.54144 0.01115112 0.9978029 0.06530667 -14.31625 0.9996568 -0.009575791 -0.02438544 18.22514
8.623503 -0.03198896 0.06879714 -0.9971177 -13.31623 0.0113315 0.9975891 0.06846615 -14.44618 0.999424 -0.009108672 -0.03269141 18.17976
8.728004 -0.03608163 0.06637987 -0.9971418 -14.12357 0.01247605 0.9977437 0.06596851 -14.57497 0.999271 -0.01006013 -0.03682838 18.13721
8.83236 -0.03571904 0.06263283 -0.9973972 -14.93036 0.01827605 0.9979081 0.06201042 -14.69894 0.9991948 -0.01601352 -0.036789 18.09812
8.936856 -0.03164508 0.06008287 -0.9976916 -15.80118 0.0312863 0.997762 0.05909477 -14.81184 0.9990094 -0.02934401 -0.03345402 18.07756
9.04123 -0.02617862 0.0603406 -0.9978345 -16.66008 0.03252688 0.9976994 0.05947909 -14.93472 0.999128 -0.03089935 -0.02808108 18.04356
9.145624 -0.02067797 0.05974136 -0.9979997 -17.55346 0.02923875 0.9978223 0.05912494 -15.06398 0.9993586 -0.02795767 -0.0223797 18.00715
9.249857 -0.01761589 0.05309273 -0.9984342 -18.44036 0.03424683 0.9980352 0.05246729 -15.18985 0.9992582 -0.03326894 -0.01939953 17.98098
9.35411 -0.01567119 0.04255996 -0.998971 -19.38035 0.03241267 0.9985902 0.04203529 -15.30597 0.9993517 -0.03172056 -0.01702857 17.94148
9.458357 -0.01478129 0.0346526 -0.9992901 -20.30903 0.02453191 0.999111 0.03428353 -15.43651 0.9995898 -0.02400773 -0.01561825 17.89376
9.562484 -0.01617203 0.03088548 -0.9993921 -21.26054 0.01899556 0.9993519 0.03057686 -15.56623 0.9996888 -0.01848951 -0.01674824 17.84686
9.666611 -0.01963659 0.0374384 -0.999106 -22.23204 0.01032284 0.999253 0.03724103 -15.70538 0.9997539 -0.009582323 -0.02000839 17.7912
9.770607 -0.02404653 0.04528804 -0.9986845 -23.2266 0.003459999 0.9989711 0.04521774 -15.83917 0.9997049 -0.002368113 -0.02417849 17.73257
9.874732 -0.02894458 0.0547049 -0.9980829 -24.25401 0.002761574 0.9985018 0.05464779 -15.95485 0.9995772 -0.001174519 -0.02905228 17.67332
9.978746 -0.03089862 0.06432144 -0.9974507 -25.29453 0.001407134 0.997929 0.06430871 -16.06607 0.9995216 0.0005835076 -0.03092514 17.61259
10.08286 -0.03200157 0.07328434 -0.9967975 -26.34037 0.002673252 0.997311 0.07323629 -16.17237 0.9994843 -0.0003210109 -0.03211142 17.55519
10.18686 -0.0332838 0.07492391 -0.9966336 -27.37967 0.004588331 0.9971871 0.0748123 -16.27576 0.9994354 -0.002082842 -0.03353395 17.49961
10.29086 -0.03529431 0.07145897 -0.9968189 -28.42035 0.003126781 0.9974433 0.07139304 -16.39261 0.9993721 -0.000597062 -0.03542751 17.43663
10.39486 -0.03776024 0.06701814 -0.997037 -29.53257 0.002963673 0.9977516 0.06695396 -16.20289 0.9992825 -0.0004266899 -0.03787396 17.38267
10.49874 -0.04252075 0.06206396 -0.997166 -30.65335 0.003274803 0.9980719 0.06198072 -15.93634 0.9990903 -0.0006300514 -0.04264201 17.32554
10.60261 -0.04829629 0.05700185 -0.9972052 -31.73535 0.003288774 0.9983739 0.05690939 -15.78394 0.9988277 -0.0005310654 -0.04840523 17.25923
10.70649 -0.05493241 0.05431888 -0.9970115 -32.8401 0.0025888 0.9985235 0.05425864 -15.54092 0.9984868 0.000399499 -0.05499192 17.18702
10.81048 -0.06139335 0.05761689 -0.9964493 -33.93642 0.002900272 0.9983385 0.05754745 -15.38867 0.9981095 0.0006430604 -0.06145845 17.10564
10.91436 -0.06811247 0.0628641 -0.9956951 -35.06183 0.001980838 0.9980194 0.06287536 -15.16174 0.9976757 0.002310289 -0.06810209 17.01234
11.01823 -0.07415595 0.06602684 -0.9950585 -36.17205 -0.0009470293 0.9978006 0.06627939 -15.00021 0.9972462 0.005857364 -0.07393032 16.91299
11.12223 -0.07920505 0.06785172 -0.9945465 -37.29835 -0.003582909 0.997655 0.06834916 -14.81235 0.9968519 0.008976971 -0.07877621 16.8108
11.22611 -0.08206543 0.06964787 -0.9941903 -38.40568 -0.008185577 0.9974744 0.07055363 -14.66221 0.9965934 0.01392804 -0.08128806 16.70138
11.33013 -0.08371459 0.07083704 -0.9939688 -39.52742 -0.01239617 0.9973189 0.07211985 -14.48917 0.9964127 0.01835889 -0.08261203 16.58923
11.43411 -0.08541948 0.07071176 -0.9938326 -40.62925 -0.0138267 0.9972982 0.07214675 -14.34628 0.9962492 0.01990416 -0.08421098 16.48346
11.53813 -0.08686037 0.06974801 -0.9937759 -41.72631 -0.01412098 0.9973597 0.07123379 -14.20935 0.9961204 0.02022048 -0.08564612 16.37621
11.642 -0.08794605 0.06892771 -0.9937376 -42.82445 -0.01524843 0.997393 0.07053076 -14.06397 0.9960086 0.02135584 -0.08666574 16.26519
11.74601 -0.08893179 0.06841399 -0.9936854 -43.92347 -0.01754482 0.9973759 0.0702383 -13.9438 0.9958832 0.02368045 -0.08749812 16.15263
11.84986 -0.08995253 0.06620537 -0.9937431 -45.02105 -0.02151425 0.9974261 0.0683982 -13.80485 0.9957137 0.02753223 -0.08829664 16.01244
11.95386 -0.09049383 0.06127481 -0.9940102 -46.1246 -0.0269092 0.9975905 0.06394532 -13.69977 0.9955334 0.03253467 -0.08862693 15.87466
12.05786 -0.0899126 0.05990905 -0.9941462 -47.23304 -0.02934124 0.9975966 0.06277068 -13.57689 0.9955174 0.03481335 -0.08793869 15.73585
12.16186 -0.0882834 0.06355482 -0.9940658 -48.34697 -0.03033166 0.9973281 0.06645718 -13.48082 0.9956335 0.03601873 -0.0861198 15.61279
12.26586 -0.08668332 0.06811416 -0.9939046 -49.44347 -0.03137247 0.9969785 0.07106098 -13.36907 0.9957419 0.03734104 -0.08428449 15.45981
12.36986 -0.08549475 0.06706539 -0.9940789 -50.55227 -0.02842936 0.9971615 0.06971842 -13.26722 0.995933 0.03422158 -0.08334544 15.33206
12.47386 -0.08364524 0.06640441 -0.9942806 -51.67686 -0.02774387 0.9972352 0.06893575 -13.15869 0.9961093 0.03335133 -0.08157167 15.19243
12.57788 -0.08017773 0.06721528 -0.9945117 -52.79743 -0.03203724 0.9970346 0.06996865 -13.06503 0.9962656 0.03747134 -0.07778658 15.05126
12.68188 -0.07535716 0.06775177 -0.9948522 -53.92582 -0.03748531 0.9967914 0.07072325 -12.96288 0.9964518 0.04262185 -0.07257567 14.89226
12.78586 -0.07008221 0.06758686 -0.9952489 -55.03106 -0.04140134 0.9966453 0.07059705 -12.86464 0.9966817 0.04615223 -0.06704892 14.74256
12.88986 -0.06502658 0.06692597 -0.9956367 -56.14945 -0.04318935 0.9966247 0.06981317 -12.752 0.9969485 0.04754061 -0.0619166 14.57561
12.99373 -0.05980959 0.06572816 -0.9960435 -57.27099 -0.04287178 0.9967399 0.06834847 -12.65622 0.9972888 0.04679004 -0.05679672 14.44475
13.09775 -0.05494773 0.06589686 -0.9963124 -58.40183 -0.04137153 0.9968127 0.06821166 -12.56374 0.9976318 0.04496704 -0.05204634 14.32993
13.20161 -0.05022289 0.06618981 -0.9965423 -59.53937 -0.04056991 0.9968427 0.06825438 -12.47048 0.9979137 0.04385756 -0.047379 14.21939
13.30561 -0.04500112 0.06782186 -0.996682 -60.67988 -0.03928251 0.996801 0.06960361 -12.38487 0.9982143 0.04228441 -0.04219295 14.13022
13.40948 -0.04023555 0.06841947 -0.9968449 -61.82984 -0.0406303 0.9967156 0.07005057 -12.28364 0.9983638 0.04332063 -0.0373235 14.03477
13.51336 -0.03516736 0.06905608 -0.9969927 -62.96889 -0.04056068 0.9966892 0.07046579 -12.19174 0.998558 0.04291679 -0.03224997 13.95899
13.61724 -0.0305241 0.06426185 -0.9974661 -64.10374 -0.0401911 0.9970451 0.06546466 -12.09714 0.9987257 0.0420875 -0.02785115 13.88201
13.72124 -0.0264042 0.05890871 -0.9979141 -65.24509 -0.03991461 0.9974039 0.05993472 -12.01647 0.9988542 0.04141387 -0.02398434 13.82443
13.82513 -0.02321517 0.05737191 -0.9980829 -66.40401 -0.0398396 0.9975058 0.05826542 -11.93274 0.9989364 0.04111586 -0.0208716 13.7702
13.92886 -0.02034543 0.06036822 -0.9979688 -67.5939 -0.0397363 0.9973379 0.06114017 -11.84384 0.9990031 0.04089951 -0.01789246 13.70405
14.03274 -0.01869192 0.06043286 -0.9979972 -68.80347 -0.03948006 0.9973485 0.06113303 -11.75307 0.9990455 0.04054368 -0.01625647 13.62873
14.13649 -0.01809779 0.05985205 -0.9980432 -70.00114 -0.04127001 0.9973112 0.06055653 -11.67314 0.9989841 0.04228518 -0.01557903 13.5637
14.24024 -0.01770478 0.06095358 -0.9979836 -71.19765 -0.04267752 0.9971842 0.0616619 -11.59789 0.998932 0.04368317 -0.01505358 13.49639
14.34399 -0.01686692 0.06096638 -0.9979973 -72.39633 -0.04337039 0.9971552 0.06164794 -11.51584 0.9989167 0.04432334 -0.0141748 13.44487
14.44776 -0.01595734 0.05882457 -0.9981408 -73.61041 -0.04394737 0.9972619 0.05947538 -11.44335 0.9989064 0.04481473 -0.01332846 13.4153
14.55149 -0.01554827 0.05759721 -0.9982188 -74.84838 -0.04229507 0.997408 0.05820923 -11.37302 0.9989842 0.04312478 -0.01307189 13.38556
14.65524 -0.01543484 0.0576397 -0.9982181 -76.04076 -0.03851485 0.9975618 0.05819735 -11.31342 0.9991388 0.03934448 -0.01317722 13.36502
14.75899 -0.01560555 0.05777323 -0.9982077 -77.23489 -0.03659646 0.9976274 0.05831178 -11.25606 0.9992083 0.03744086 -0.01345423 13.34215
14.86274 -0.01558433 0.06045475 -0.9980493 -78.42878 -0.03588218 0.9974937 0.06098141 -11.19081 0.9992345 0.03676254 -0.01337602 13.31764
14.96648 -0.01562562 0.06441173 -0.9978011 -79.62987 -0.03851885 0.9971433 0.0649725 -11.12002 0.9991357 0.03944938 -0.01309991 13.28629
15.07024 -0.01520367 0.06463839 -0.9977929 -80.81425 -0.04089853 0.9970329 0.06521236 -11.05497 0.9990477 0.04179973 -0.01251494 13.24767
15.17401 -0.01512821 0.06231167 -0.9979421 -81.99092 -0.04185086 0.9971422 0.06289617 -10.9876 0.9990094 0.04271623 -0.01247717 13.20252
15.27774 -0.01514787 0.05979552 -0.9980957 -83.17804 -0.04189772 0.9972955 0.06038347 -10.92504 0.9990071 0.04273261 -0.0126016 13.17232
15.38149 -0.01544064 0.05927158 -0.9981225 -84.40032 -0.03978761 0.9974144 0.05984505 -10.86319 0.9990889 0.04063695 -0.01304244 13.15402
15.48524 -0.01548268 0.0609484 -0.9980208 -85.60631 -0.03817466 0.9973767 0.0615013 -10.80328 0.9991512 0.03905131 -0.01311538 13.13614
15.58899 -0.01529085 0.06367263 -0.9978537 -86.80645 -0.03746143 0.9972332 0.0642071 -10.74239 0.9991811 0.0383628 -0.01286328 13.11627
15.69276 -0.01492959 0.06600542 -0.9977076 -88.00584 -0.03793016 0.9970632 0.06653039 -10.67854 0.9991689 0.03883648 -0.01238215 13.09053
15.79649 -0.01494369 0.06664049 -0.9976651 -89.20185 -0.03954052 0.9969567 0.06718545 -10.60913 0.9991063 0.0404522 -0.01226321 13.05741
15.90037 -0.01483176 0.06457297 -0.9978027 -90.40737 -0.03904764 0.9971139 0.06510882 -10.53637 0.9991273 0.03992751 -0.01226753 13.03023
16.00412 -0.01473156 0.06291316 -0.9979103 -91.59022 -0.03738751 0.997286 0.06342575 -10.47161 0.9991923 0.03824373 -0.01233941 13.00185
16.10799 -0.01479234 0.06375926 -0.9978557 -92.76422 -0.03576915 0.9972923 0.06425353 -10.41435 0.9992506 0.03664291 -0.01247167 12.96581
16.21175 -0.01475696 0.06691903 -0.9976493 -93.93275 -0.03380333 0.9971542 0.06738585 -10.35522 0.9993196 0.03471827 -0.01245288 12.93824
16.31561 -0.01458909 0.06949556 -0.9974756 -95.10568 -0.03229558 0.9970285 0.06993678 -10.29043 0.9993719 0.03323436 -0.01230134 12.90998
16.4195 -0.01433771 0.07088181 -0.9973817 -96.2696 -0.03294447 0.9969091 0.07132183 -10.22043 0.9993544 0.0338808 -0.01195823 12.87472
16.52324 -0.01410932 0.07285906 -0.9972424 -97.42594 -0.03518273 0.9966879 0.07331635 -10.14736 0.9992813 0.03612015 -0.01149921 12.83029
16.62712 -0.01410676 0.07217106 -0.9972925 -98.58643 -0.03785543 0.9966381 0.0726592 -10.07536 0.9991837 0.03877792 -0.01132727 12.793
16.73087 -0.0139333 0.06865269 -0.9975433 -99.75488 -0.04047711 0.9967837 0.06916579 -9.994701 0.9990833 0.04134138 -0.01110962 12.75337
16.83474 -0.01378196 0.06721519 -0.9976433 -100.9218 -0.04238305 0.9968021 0.06774403 -9.909116 0.9990064 0.04321681 -0.0108891 12.72104
16.93851 -0.0138979 0.06558643 -0.9977501 -102.0871 -0.04189948 0.9969318 0.06611628 -9.825948 0.9990252 0.04272408 -0.01110722 12.695
17.04236 -0.01382142 0.06419182 -0.9978418 -103.2538 -0.04050965 0.9970819 0.06470406 -9.744093 0.9990836 0.04131652 -0.0111807 12.67107
17.14616 -0.0139437 0.06610929 -0.9977149 -104.4187 -0.03997502 0.9969774 0.06661911 -9.664877 0.9991034 0.04081259 -0.01125883 12.64679
17.24999 -0.01376547 0.06909021 -0.9975154 -105.5891 -0.03882954 0.9968205 0.06957793 -9.584647 0.9991511 0.03969083 -0.01103896 12.62204
17.35375 -0.01445445 0.06806213 -0.9975764 -106.7623 -0.04247975 0.996738 0.06862046 -9.502039 0.9989928 0.04336866 -0.01151603 12.59867
17.45766 -0.01511515 0.06918361 -0.9974894 -107.9507 -0.04716132 0.9964437 0.06982575 -9.415204 0.998773 0.04809834 -0.0117986 12.57471
17.56149 -0.01532489 0.06826655 -0.9975494 -109.1316 -0.05037358 0.9963469 0.06895814 -9.337677 0.9986129 0.05130691 -0.01183007 12.54532
17.66539 -0.01546785 0.06486281 -0.9977743 -110.3205 -0.05108528 0.9965391 0.06557448 -9.26009 0.9985745 0.05198587 -0.01210078 12.51737
17.76911 -0.01618993 0.06037193 -0.9980446 -111.5065 -0.05140837 0.996805 0.06113088 -9.187743 0.9985465 0.05229755 -0.01303458 12.49198
17.87309 -0.0169747 0.05962553 -0.9980765 -112.7058 -0.04814105 0.9970138 0.06038082 -9.117584 0.9986963 0.04907339 -0.01405358 12.47059
17.97686 -0.01752368 0.05937481 -0.9980819 -113.9114 -0.04372259 0.9972348 0.06009208 -9.050788 0.99889 0.04469176 -0.0148792 12.45171
18.08074 -0.01811674 0.06064886 -0.9979947 -115.1254 -0.04251462 0.997209 0.0613729 -8.981268 0.9989316 0.04354124 -0.01548771 12.42753
18.18449 -0.0188644 0.06479969 -0.99772 -116.3446 -0.04206456 0.9969625 0.06554585 -8.912616 0.9989368 0.04320513 -0.01608133 12.40154
18.28836 -0.01956861 0.06523925 -0.9976777 -117.5658 -0.04047871 0.9969989 0.06598883 -8.839873 0.9989888 0.04167601 -0.01686908 12.37794
18.39211 -0.02004092 0.06088923 -0.9979433 -118.7914 -0.04018544 0.9972881 0.06165628 -8.763005 0.9989913 0.04133844 -0.0175397 12.35686
18.49587 -0.02077225 0.05688173 -0.9981648 -120.0196 -0.04036182 0.9975186 0.05768486 -8.692054 0.9989692 0.04148599 -0.01842485 12.33172
18.59961 -0.02182535 0.05541515 -0.9982248 -121.2572 -0.03972772 0.997626 0.05625053 -8.625666 0.9989722 0.04088488 -0.01957202 12.30645
18.70351 -0.02236095 0.05644258 -0.9981554 -122.5069 -0.04084259 0.99752 0.05732163 -8.560565 0.9989154 0.04204901 -0.02000023 12.27758
18.80724 -0.02297861 0.06104698 -0.9978703 -123.7655 -0.04568371 0.9970271 0.0620474 -8.492707 0.9986917 0.04701218 -0.02012144 12.24313
18.91099 -0.02337087 0.06485528 -0.997621 -125.0246 -0.05160286 0.996485 0.06599033 -8.423794 0.9983942 0.05302234 -0.019942 12.20345
19.01476 -0.02352697 0.06443399 -0.9976446 -126.283 -0.05866983 0.9961119 0.06571859 -8.349988 0.9980002 0.06007779 -0.01965516 12.16234
19.11862 -0.02336488 0.06227403 -0.9977855 -127.541 -0.06224465 0.996031 0.06362211 -8.279418 0.9977874 0.06359333 -0.01939592 12.12394
19.22239 -0.02389148 0.06098701 -0.9978526 -128.8006 -0.06415111 0.9959868 0.06240895 -8.210838 0.9976542 0.06550439 -0.01988321 12.08869
19.32614 -0.02450825 0.0609363 -0.9978407 -130.0583 -0.06481837 0.9959434 0.06241247 -8.146584 0.9975961 0.06620802 -0.02045903 12.05681
19.42987 -0.02507999 0.05985552 -0.9978919 -131.3178 -0.06254336 0.9961565 0.06132334 -8.083157 0.9977271 0.06394949 -0.02124002 12.03575
19.53349 -0.0255901 0.06019129 -0.9978588 -132.5698 -0.06262396 0.9961286 0.06169293 -8.016231 0.9977091 0.06406859 -0.02172161 11.98862
19.63724 -0.02632779 0.06524672 -0.9975218 -133.8382 -0.06246609 0.9958102 0.06678346 -7.937189 0.9976998 0.06406954 -0.02214177 11.94014
19.74099 -0.02711301 0.07025143 -0.9971608 -135.1127 -0.06179923 0.9955016 0.07181489 -7.849143 0.9977203 0.06357088 -0.02264956 11.88153
19.84474 -0.02733857 0.06836613 -0.9972856 -136.3739 -0.06175474 0.9956374 0.06994603 -7.760464 0.9977169 0.06349934 -0.02299737 11.82054
19.94861 -0.02682924 0.06672025 -0.9974109 -137.647 -0.06177165 0.9957526 0.06827092 -7.667958 0.9977297 0.06344337 -0.02259386 11.76337
20.05237 -0.02579681 0.06686053 -0.9974288 -138.906 -0.06113358 0.9957878 0.06833167 -7.586989 0.9977962 0.06273913 -0.02160072 11.71546
20.15612 -0.0250291 0.06609067 -0.9974996 -140.1685 -0.06146398 0.9958227 0.06752183 -7.505311 0.9977955 0.0630003 -0.02086235 11.66712
20.25999 -0.02436471 0.06744136 -0.9974257 -141.4242 -0.06115818 0.9957525 0.06882219 -7.428721 0.9978307 0.06267756 -0.02013663 11.62467
20.36377 -0.02363088 0.07168037 -0.9971477 -142.6864 -0.06250069 0.9953691 0.07303371 -7.340825 0.9977652 0.06404826 -0.01904137 11.5926
20.46749 -0.02233123 0.07306954 -0.9970768 -143.9374 -0.06398695 0.9951762 0.07436337 -7.255331 0.9977009 0.06546052 -0.01754801 11.55864
20.57136 -0.02147886 0.07044829 -0.9972841 -145.1859 -0.0663403 0.9952153 0.07173096 -7.169433 0.9975659 0.06770082 -0.01670253 11.52369
20.67513 -0.02134088 0.06702912 -0.9975227 -146.4259 -0.06526441 0.9955284 0.06829138 -7.089788 0.9976398 0.06656012 -0.01687083 11.49266
20.77889 -0.02139799 0.06537338 -0.9976314 -147.6694 -0.06242783 0.9958253 0.06659404 -7.01338 0.9978201 0.06370494 -0.01722754 11.46581
20.88262 -0.02162731 0.06489254 -0.9976578 -148.9193 -0.06118526 0.9959348 0.06610686 -6.93253 0.9978921 0.06247166 -0.01756892 11.44946
20.98624 -0.0218057 0.06500904 -0.9976464 -150.1606 -0.05841013 0.9960963 0.06618472 -6.85533 0.9980545 0.05971585 -0.01792339 11.42916
21.08999 -0.02199914 0.06433136 -0.9976861 -151.4021 -0.05621122 0.9962694 0.0654795 -6.780422 0.9981765 0.05752163 -0.01830092 11.40858
21.19374 -0.02179096 0.06441207 -0.9976854 -152.6382 -0.05578181 0.9962895 0.06554032 -6.706249 0.9982052 0.05708088 -0.01811708 11.38177
21.29751 -0.02200736 0.06642195 -0.9975489 -153.8791 -0.05305911 0.9963067 0.06750982 -6.629037 0.9983489 0.05441476 -0.01840179 11.35916
21.40124 -0.02229257 0.06811946 -0.9974281 -155.1151 -0.05065852 0.9963174 0.06917584 -6.552505 0.9984672 0.05207033 -0.01875964 11.33296
21.50499 -0.02236642 0.06666813 -0.9975245 -156.3504 -0.04818255 0.9965427 0.06768288 -6.473273 0.9985881 0.04957709 -0.01907685 11.31053
21.60875 -0.022998 0.06680775 -0.9975008 -157.5798 -0.04929138 0.9964754 0.06787554 -6.397565 0.9985197 0.05072918 -0.01962389 11.28127
21.71249 -0.02296675 0.07159319 -0.9971694 -158.8158 -0.04988767 0.9961078 0.072666 -6.318685 0.9984908 0.05141536 -0.01930574 11.25125
21.81637 -0.02282772 0.07800936 -0.9966912 -160.0474 -0.05548653 0.9953155 0.07917254 -6.238274 0.9981985 0.05711026 -0.01839231 11.21406
21.92012 -0.02148104 0.07851244 -0.9966817 -161.2774 -0.06006041 0.9950098 0.07967522 -6.151798 0.9979636 0.0615726 -0.01665836 11.17789
22.02387 -0.02021618 0.0745081 -0.9970155 -162.4963 -0.06392141 0.9950827 0.07565979 -6.066573 0.9977502 0.06526018 -0.01535411 11.1432
22.12774 -0.01861198 0.06935149 -0.9974186 -163.7094 -0.06573296 0.9953483 0.07043414 -5.98296 0.9976637 0.06687418 -0.01396673 11.10756
22.23149 -0.01787969 0.06694463 -0.9975965 -164.9275 -0.06824238 0.9953475 0.06801682 -5.893695 0.9975086 0.06929447 -0.01322805 11.05807
22.33525 -0.01692045 0.06521076 -0.997728 -166.1457 -0.06400365 0.9957537 0.06616717 -5.813017 0.9978062 0.06497781 -0.01267487 11.02021
22.43902 -0.01674962 0.05980427 -0.9980696 -167.3604 -0.05978266 0.9963638 0.06070535 -5.732439 0.9980709 0.06068404 -0.01311346 10.98338
22.54287 -0.01687655 0.05816005 -0.9981646 -168.5647 -0.05441935 0.9967736 0.05899911 -5.666988 0.9983756 0.05531516 -0.01365707 10.96569
22.64662 -0.01781171 0.0587501 -0.9981138 -169.7601 -0.05092762 0.996923 0.05958884 -5.60544 0.9985435 0.05189293 -0.0147649 10.95552
22.75037 -0.01735444 0.0666381 -0.9976263 -170.9676 -0.05148246 0.9963934 0.06745134 -5.541431 0.9985231 0.05253082 -0.01386115 10.93372
22.85424 -0.01583274 0.06957455 -0.9974511 -172.1695 -0.05361843 0.9960817 0.07033015 -5.472772 0.998436 0.05459528 -0.01204022 10.91427
22.95799 -0.01395892 0.06627148 -0.997704 -173.3686 -0.05425728 0.9962809 0.06693609 -5.400947 0.9984294 0.05506705 -0.01031129 10.89482
23.06187 -0.01313538 0.06521238 -0.9977849 -174.5714 -0.05623549 0.9962435 0.06585197 -5.329432 0.9983312 0.05697591 -0.009418785 10.87682
23.16562 -0.01225548 0.06744229 -0.9976479 -175.774 -0.05519165 0.9961562 0.06801946 -5.26229 0.9984006 0.05589544 -0.008486124 10.86154
23.26937 -0.0115808 0.06590723 -0.9977585 -176.9647 -0.05443479 0.9963042 0.066443 -5.194579 0.9984502 0.05508223 -0.007950348 10.84637
23.37325 -0.009964691 0.06427281 -0.9978826 -178.1372 -0.05455101 0.9964111 0.06472279 -5.127657 0.9984613 0.05508044 -0.006422781 10.83308
23.47712 -0.008388822 0.06580292 -0.9977974 -179.285 -0.05633023 0.9962169 0.0661723 -5.066445 0.998377 0.05676126 -0.004650391 10.81724
23.58099 -0.006942482 0.06780724 -0.9976743 -180.4028 -0.05647856 0.9960791 0.06809186 -5.009609 0.9983797 0.05681993 -0.003085604 10.80603
23.68474 -0.006540296 0.06937317 -0.9975693 -181.4905 -0.05718671 0.9959321 0.06963426 -4.952631 0.9983421 0.05750313 -0.002546465 10.79613
23.78862 -0.006304416 0.07083852 -0.9974679 -182.5545 -0.05776087 0.9957965 0.07108491 -4.89459 0.9983106 0.05806275 -0.002186219 10.78787
23.89237 -0.006359991 0.07207244 -0.9973791 -183.5944 -0.05676449 0.995765 0.07231779 -4.834936 0.9983674 0.05707566 -0.002241899 10.78029
23.99627 -0.00611266 0.07129729 -0.9974364 -184.6024 -0.05706538 0.9958046 0.07153039 -4.775207 0.9983518 0.05735632 -0.002018406 10.77372
24.1 -0.004743684 0.07124931 -0.9974472 -185.576 -0.05784703 0.9957686 0.07140453 -4.71696 0.9983142 0.05803807 -0.0006020487 10.76462
24.20387 -0.003171605 0.07139933 -0.9974428 -186.5239 -0.05863232 0.9957185 0.07146236 -4.661198 0.9982746 0.05870903 0.001028285 10.75866
24.30775 -0.003778346 0.06997751 -0.9975414 -187.4583 -0.05770893 0.9958708 0.07007892 -4.609149 0.9983263 0.05783182 0.000275585 10.75884
24.41149 -0.006711295 0.06726787 -0.9977124 -188.3924 -0.05505698 0.9961965 0.06753603 -4.557958 0.9984607 0.05538428 -0.002982201 10.7623
24.51524 -0.01165042 0.06389029 -0.9978889 -189.3138 -0.05447499 0.996434 0.06443316 -4.50568 0.9984472 0.05511065 -0.008128451 10.7526
24.61902 -0.01658927 0.06073842 -0.9980158 -190.2327 -0.05608032 0.9965254 0.06157991 -4.452246 0.9982885 0.0569906 -0.0131254 10.7339
24.72287 -0.02071766 0.05943642 -0.9980171 -191.1562 -0.05793056 0.9964828 0.06054763 -4.399103 0.9981057 0.05907009 -0.01720161 10.71114
24.82662 -0.02360947 0.06026417 -0.9979032 -192.0679 -0.05980735 0.9963085 0.06158287 -4.345411 0.9979307 0.06113588 -0.01991808 10.68535
24.9305 -0.0255064 0.06166065 -0.9977712 -192.9869 -0.05907277 0.9962588 0.06307731 -4.289628 0.9979278 0.06054998 -0.02176851 10.66332
25.03437 -0.02717903 0.06362537 -0.9976037 -193.8968 -0.05590118 0.9963139 0.06506611 -4.234421 0.9980663 0.05753565 -0.02352211 10.64111
25.13814 -0.02850303 0.06420524 -0.9975296 -194.8035 -0.05441767 0.9963555 0.06568459 -4.179889 0.9981114 0.05615544 -0.02490524 10.61677
25.24199 -0.02952181 0.06349612 -0.9975453 -195.7061 -0.05446102 0.9963957 0.0650347 -4.125617 0.9980794 0.05624727 -0.02595734 10.58591
25.34587 -0.03031412 0.06220597 -0.9976028 -196.6085 -0.05593546 0.9963919 0.06383018 -4.067261 0.9979741 0.05773632 -0.02672523 10.55882
25.44975 -0.03030872 0.06154257 -0.9976442 -197.5097 -0.05995682 0.9961935 0.0632746 -4.011638 0.9977408 0.06173334 -0.02650345 10.52513
25.55362 -0.02954154 0.05959992 -0.9977851 -198.4163 -0.0625222 0.9961559 0.06135373 -3.956722 0.9976063 0.06419619 -0.02570166 10.49574
25.6575 -0.02862473 0.05720988 -0.9979517 -199.3224 -0.06314372 0.9962634 0.05892429 -3.902813 0.9975939 0.06470107 -0.02490532 10.46518
25.76149 -0.02808593 0.05428418 -0.9981304 -200.2354 -0.06284353 0.9964532 0.0559613 -3.849512 0.9976282 0.06429776 -0.0245749 10.43745
25.86537 -0.02727411 0.05393665 -0.9981718 -201.1527 -0.06284268 0.9964756 0.05556213 -3.794847 0.9976507 0.06424319 -0.02378846 10.41203
25.96925 -0.02673599 0.05624753 -0.9980588 -202.0796 -0.06105064 0.9964601 0.05779287 -3.740004 0.9977766 0.06247727 -0.0232074 10.38822
26.07314 -0.02676068 0.05871183 -0.9979162 -203.0142 -0.06044114 0.9963523 0.06024065 -3.685828 0.997813 0.06192726 -0.02311445 10.36421
26.17712 -0.02581602 0.05576046 -0.9981104 -203.9467 -0.05600544 0.9967943 0.05713553 -3.633391 0.9980967 0.05737461 -0.02261037 10.34146
26.281 -0.02598609 0.05076943 -0.9983723 -204.8858 -0.05313935 0.9972273 0.05209436 -3.579058 0.998249 0.05440657 -0.02321619 10.33104
26.38487 -0.02543751 0.05176775 -0.9983351 -205.8363 -0.05703048 0.9969567 0.05314942 -3.519027 0.9980484 0.05828751 -0.02240775 10.31186
26.48887 -0.0240058 0.0551581 -0.998189 -206.8023 -0.05944467 0.9966312 0.05650165 -3.467731 0.9979429 0.06069337 -0.02064607 10.29835
26.59275 -0.02205886 0.05575481 -0.9982008 -207.765 -0.05744562 0.9967234 0.05694177 -3.412268 0.9981049 0.05859833 -0.01878371 10.28253
26.69675 -0.01981783 0.05610649 -0.9982281 -208.7622 -0.05541393 0.9968278 0.05712793 -3.338453 0.9982668 0.05644788 -0.01664589 10.31292
26.80063 -0.0180683 0.06090254 -0.9979802 -209.7571 -0.05684079 0.9964662 0.06183926 -3.273747 0.9982198 0.05784331 -0.0145427 10.31768
26.90461 -0.01624532 0.06533164 -0.9977313 -210.7676 -0.0537166 0.9963649 0.06611681 -3.19732 0.9984241 0.05466882 -0.01267687 10.33685
27.00849 -0.01496581 0.06622398 -0.9976925 -211.7729 -0.05272617 0.9963637 0.06692671 -3.123933 0.9984969 0.05360611 -0.01141965 10.34507
27.1125 -0.01284947 0.06656123 -0.9976996 -212.8048 -0.0555682 0.9961925 0.06717637 -3.064476 0.9983722 0.05630355 -0.009101856 10.36107
27.21649 -0.009866479 0.06819971 -0.9976229 -213.8494 -0.05855223 0.9959202 0.06866241 -3.016552 0.9982356 0.05909049 -0.005832979 10.37602
27.3206 -0.006263305 0.06894493 -0.9976008 -214.9023 -0.0597903 0.9958097 0.06919655 -2.966109 0.9981913 0.06008024 -0.00211482 10.39647
27.4246 -0.003122797 0.06658013 -0.9977762 -215.9302 -0.06273852 0.9958023 0.06664479 -2.904648 0.9980251 0.06280711 0.001067452 10.39643
27.5286 -0.0002476161 0.06347817 -0.9979832 -216.9299 -0.06264984 0.9960217 0.06336897 -2.834208 0.9980356 0.06253917 0.003730268 10.37534
27.6325 0.001435434 0.06204185 -0.9980725 -217.9558 -0.06171973 0.9961762 0.06183522 -2.773949 0.9980925 0.06151199 0.005259153 10.36291
27.73648 0.003055629 0.06426151 -0.9979284 -219.0129 -0.06213066 0.9960172 0.06394822 -2.720097 0.9980634 0.06180654 0.007036072 10.36059
27.84047 0.004243336 0.06756078 -0.9977061 -220.0584 -0.06432724 0.9956671 0.06714913 -2.663629 0.9979199 0.06389473 0.008570951 10.34511
27.94428 0.005642486 0.06782326 -0.9976814 -221.1045 -0.06469412 0.9956319 0.06731806 -2.618251 0.9978892 0.06416427 0.01000561 10.32094
28.04812 0.006431035 0.06461696 -0.9978894 -222.1551 -0.06343982 0.9959262 0.064081 -2.575045 0.997965 0.06289381 0.01050413 10.29838
28.152 0.006647617 0.06194418 -0.9980575 -223.2157 -0.06072482 0.9962625 0.06142833 -2.522336 0.9981324 0.0601985 0.01038432 10.2887
28.25575 0.006438027 0.06049971 -0.9981474 -224.2839 -0.05860416 0.9964753 0.06002038 -2.50399 0.9982606 0.05810917 0.009960872 10.26292
28.35962 0.006611958 0.05975639 -0.9981911 -225.3655 -0.0592664 0.9964816 0.05926149 -2.464362 0.9982203 0.05876735 0.01013024 10.24681
28.4635 0.006920264 0.05938003 -0.9982114 -226.4719 -0.05864734 0.9965412 0.0588741 -2.433694 0.9982548 0.05813502 0.01037881 10.22636
28.56724 0.006693245 0.06109942 -0.9981092 -227.5849 -0.06131984 0.9962783 0.06057615 -2.392587 0.9980958 0.06079844 0.01041494 10.2092
28.67114 0.006341156 0.06284007 -0.9980034 -228.7073 -0.06220976 0.9961151 0.06232591 -2.381919 0.998043 0.06169033 0.01022579 10.21551
28.77487 0.005666549 0.06448234 -0.9979027 -229.8327 -0.06261962 0.9959831 0.06400273 -2.35365 0.9980214 0.06212561 0.009681649 10.21951
28.87862 0.005054909 0.06596283 -0.9978093 -230.9676 -0.06328017 0.9958432 0.0655123 -2.317504 0.997983 0.06281038 0.009208039 10.22162
28.98239 0.004283764 0.06783194 -0.9976875 -232.1123 -0.06555862 0.9955694 0.06740645 -2.281065 0.9978396 0.06511826 0.008711754 10.22095
29.08602 0.003069931 0.06660715 -0.9977745 -233.2586 -0.06807365 0.9954786 0.06624445 -2.235976 0.9976756 0.06771878 0.007590245 10.21704
29.18962 0.002076201 0.06231871 -0.9980541 -234.4084 -0.06666603 0.9958446 0.06204207 -2.193086 0.9977732 0.06640748 0.006222117 10.21654
29.29339 0.0006768305 0.05571284 -0.9984466 -235.5643 -0.06366571 0.9964236 0.05555682 -2.147001 0.9979711 0.0635292 0.00422141 10.21494
29.397 -0.001206254 0.05111888 -0.9986918 -236.7346 -0.05888789 0.9969558 0.05110115 -2.104069 0.9982639 0.05887249 0.001807703 10.21939
29.50087 -0.003327886 0.05079804 -0.9987034 -237.9134 -0.05275793 0.9973091 0.05090294 -2.057775 0.9986018 0.05285892 -0.0006389298 10.21978
29.6044 -0.005548409 0.05509928 -0.9984654 -239.1043 -0.04796967 0.9973166 0.05530246 -2.013195 0.9988334 0.04820289 -0.002890425 10.21773
29.70799 -0.007581156 0.05765249 -0.9983079 -240.2958 -0.04573875 0.9972717 0.05794001 -1.961591 0.9989247 0.0461006 -0.004923517 10.20644
29.81177 -0.009693913 0.05693296 -0.9983309 -241.4949 -0.04366559 0.9974014 0.05730396 -1.906501 0.9989992 0.0441482 -0.00718271 10.19688
29.91544 -0.01200061 0.05714243 -0.9982939 -242.7027 -0.04379389 0.9973778 0.05761646 -1.850854 0.9989685 0.0444106 -0.009466654 10.18339
30.01924 -0.01405742 0.05883774 -0.9981686 -243.9116 -0.0429604 0.9973098 0.05939216 -1.799394 0.9989779 0.04371661 -0.01149191 10.16958
30.123 -0.01630846 0.05897401 -0.9981263 -245.1254 -0.04195777 0.9973393 0.05961308 -1.747591 0.9989863 0.04285135 -0.01379065 10.1537
