0 1 1.197625e-11 1.704638e-10 5.551115e-17 1.197625e-11 1 3.562503e-10 0 1.704638e-10 3.562503e-10 1 2.220446e-16
0.103755 0.9999268 -0.003092411 0.01169425 0.02138869 0.003079219 0.9999946 0.001146026 -0.008456433 -0.01169773 -0.001109933 0.999931 0.2880714
0.207355 0.9998143 -0.005167713 0.018566 0.03879027 0.005141246 0.9999857 0.001473072 -0.01513783 -0.01857335 -0.001377345 0.9998266 0.5807338
0.3109083 0.9997542 -0.008010201 0.02067129 0.05418066 0.008008308 0.9999679 0.0001744436 -0.02008116 -0.02067202 -8.857983e-06 0.9997863 0.8792349
0.4144831 0.9997748 -0.009463067 0.01899365 0.06515084 0.009496346 0.9999535 -0.001662555 -0.02474146 -0.01897703 0.001842551 0.9998182 1.18521
0.5181198 0.9998511 -0.01185843 0.01253962 0.07053236 0.01189537 0.9999251 -0.002875296 -0.02883154 -0.01250459 0.003024031 0.9999173 1.500857
0.6217144 0.9999012 -0.01405064 0.0005041622 0.06976838 0.01405303 0.9998882 -0.005094792 -0.03440223 -0.0004325204 0.005101373 0.9999869 1.824326
0.725215 0.9997888 -0.0134262 -0.01555879 0.05785896 0.01334533 0.9998969 -0.005289823 -0.0433315 0.01562821 0.005081069 0.999865 2.161983
0.8289182 0.9993602 -0.008848875 -0.03465391 0.03493816 0.008679166 0.9999496 -0.005044683 -0.05403998 0.03469681 0.004740688 0.9993866 2.516769
0.9325018 0.9985196 -0.005196826 -0.0541452 0.003415143 0.004866004 0.9999687 -0.006239968 -0.06304966 0.05417593 0.00596726 0.9985136 2.875512
1.036104 0.9972366 -0.004507958 -0.07415363 -0.030863 0.004012606 0.9999686 -0.006827705 -0.07085384 0.07418209 0.006511288 0.9972235 3.247151
1.139865 0.9954565 -0.005949698 -0.09503163 -0.07130281 0.005379006 0.9999659 -0.006260341 -0.07742982 0.09506564 0.005720722 0.9954546 3.630711
1.24351 0.9933378 -0.007329142 -0.1150053 -0.1231303 0.006752021 0.9999626 -0.005406982 -0.08517902 0.1150406 0.004594442 0.9933502 4.021896
1.34735 0.991085 -0.006260087 -0.1330839 -0.1931244 0.005657285 0.9999719 -0.00490715 -0.0948039 0.1331109 0.00411051 0.9910926 4.418357
1.451124 0.9888528 -0.004731324 -0.1488211 -0.2714242 0.004211142 0.9999838 -0.003810278 -0.1043554 0.1488367 0.003141098 0.9888568 4.828313
1.555101 0.9866849 -0.003759229 -0.1626003 -0.3555623 0.003153903 0.9999871 -0.003980763 -0.1137549 0.1626132 0.003414933 0.986684 5.248722
1.659233 0.984582 -0.004884309 -0.1748553 -0.4410342 0.004143076 0.9999808 -0.004603916 -0.1230564 0.1748744 0.003808495 0.9845834 5.683091
1.762893 0.9827221 -0.008432073 -0.1848951 -0.5276696 0.007289575 0.9999499 -0.006858084 -0.1316203 0.1849437 0.005391784 0.9827343 6.12782
1.86709 0.9812037 -0.008176023 -0.1928017 -0.6223879 0.006568661 0.9999381 -0.008974631 -0.1398923 0.1928631 0.007539493 0.9811967 6.586939
1.970961 0.9797396 -0.007236126 -0.2001446 -0.727014 0.005215485 0.99993 -0.01062133 -0.1495504 0.2002075 0.009362288 0.9797088 7.057528
2.076388 0.978032 -0.007866009 -0.2083063 -0.8348053 0.00520747 0.9998979 -0.01330798 -0.1604265 0.2083897 0.01193088 0.9779731 7.548378
2.179116 0.9763063 -0.01149733 -0.2160876 -0.9419591 0.008487619 0.9998537 -0.01485108 -0.1729816 0.2162267 0.01266513 0.976261 8.041587
2.283102 0.9744447 -0.01794209 -0.2239099 -1.052874 0.01460499 0.9997563 -0.01655112 -0.1870514 0.2241524 0.01285795 0.9744693 8.554975
2.387073 0.9723895 -0.01882262 -0.2326035 -1.178089 0.01511868 0.9997291 -0.01769655 -0.2016067 0.2328736 0.01369128 0.9724106 9.07598
2.491106 0.970381 -0.01477647 -0.2411273 -1.317954 0.00962766 0.9997001 -0.02251735 -0.2194403 0.2413877 0.01952891 0.9702323 9.607606
2.595229 0.9682175 -0.01175727 -0.2498331 -1.461512 0.005410028 0.9996453 -0.02607749 -0.2434394 0.2500511 0.02389708 0.9679377 10.14898
2.699213 0.9659985 -0.01382599 -0.2581776 -1.600917 0.006935714 0.9995955 -0.02757989 -0.2736564 0.2584545 0.02485148 0.9657037 10.69971
2.803189 0.96361 -0.01701693 -0.2667699 -1.746028 0.009362843 0.9995079 -0.02993753 -0.3017085 0.2671481 0.02635037 0.9632952 11.26149
2.907234 0.9613945 -0.01660121 -0.2746727 -1.902902 0.007991665 0.9994419 -0.03243426 -0.3279271 0.2750579 0.02898703 0.9609906 11.82926
3.011247 0.9591271 -0.01549079 -0.2825514 -2.073218 0.005603769 0.9993444 -0.03576662 -0.3566836 0.2829203 0.03272138 0.9585851 12.41106
3.115221 0.9567949 -0.0164272 -0.2902992 -2.247333 0.004781739 0.9991567 -0.04077934 -0.3862946 0.2907243 0.03762933 0.9560667 13.00126
3.21957 0.9549986 -0.01796302 -0.2960658 -2.43094 0.003863449 0.9988331 -0.04813954 -0.4149226 0.2965851 0.04482935 0.9539537 13.60353
3.323567 0.9537103 -0.01848289 -0.3001583 -2.62093 0.001619282 0.9984106 -0.05633424 -0.4420317 0.3007225 0.0532405 0.9522245 14.21692
3.427467 0.952471 -0.01858298 -0.3040618 -2.819369 -0.00121639 0.9978977 -0.06479764 -0.4781374 0.3046268 0.06208772 0.950446 14.84155
3.531593 0.9511735 -0.01798416 -0.3081323 -3.024731 -0.005045062 0.9972618 -0.07377885 -0.5190175 0.3086154 0.07173103 0.9484784 15.47709
3.635476 0.9498371 -0.01765624 -0.3122464 -3.237328 -0.008048061 0.9966945 -0.08084074 -0.5701376 0.3126416 0.0792985 0.9465553 16.12456
3.742035 0.9481933 -0.01538124 -0.3173214 -3.471584 -0.01300717 0.9961102 -0.0871505 -0.6308148 0.3174276 0.08676296 0.944305 16.79489
3.843522 0.9465823 -0.01443547 -0.322139 -3.703617 -0.01649625 0.9955216 -0.09308367 -0.6968511 0.3220401 0.09342543 0.942105 17.44154
3.94736 0.9449062 -0.01222398 -0.3271128 -3.951023 -0.02114986 0.9949346 -0.09827402 -0.7690047 0.3266572 0.0997781 0.9398614 18.11394
4.051384 0.9431819 -0.009610002 -0.3321379 -4.206227 -0.02563137 0.9944991 -0.1015608 -0.8443717 0.3312869 0.1043034 0.9377472 18.80104
4.155286 0.9414125 -0.0080758 -0.3371605 -4.466634 -0.02826314 0.9943075 -0.1027318 -0.9233994 0.3360709 0.1062422 0.9358253 19.49749
4.259272 0.9391912 -0.007945913 -0.3433026 -4.730674 -0.02886858 0.9943662 -0.1019924 -1.007318 0.3421789 0.105701 0.9336707 20.20757
4.363183 0.9368681 -0.007519302 -0.3496021 -5.002325 -0.02946952 0.9945143 -0.100363 -1.09105 0.3484389 0.1043295 0.9315072 20.92425
4.467802 0.9342878 -0.007529037 -0.3564403 -5.285312 -0.02950746 0.9947138 -0.09835504 -1.174887 0.3552966 0.1024095 0.9291268 21.65513
4.57145 0.9310994 -0.006948836 -0.3646993 -5.575589 -0.03003738 0.9949622 -0.09564487 -1.260053 0.3635266 0.1000095 0.9262 22.38962
4.676366 0.9277392 -0.005077233 -0.3731947 -5.895726 -0.03070041 0.9954809 -0.08986263 -1.353119 0.3719645 0.09482629 0.9233907 23.14117
4.778763 0.9242864 -0.00152434 -0.3816966 -6.215009 -0.03317488 0.9958871 -0.08431084 -1.43896 0.3802553 0.09059009 0.9204343 23.87854
4.882642 0.9206243 0.002247455 -0.3904432 -6.553189 -0.03648772 0.9961026 -0.08030049 -1.526495 0.3887411 0.08817295 0.9171183 24.62981
4.986477 0.9168008 0.00348662 -0.3993296 -6.893668 -0.03796477 0.9961938 -0.07846345 -1.606967 0.3975361 0.0870958 0.9134437 25.38492
5.090371 0.9127707 0.003235865 -0.4084594 -7.246162 -0.03828632 0.9962441 -0.07766479 -1.68583 0.406674 0.08652854 0.9094664 26.14716
5.194245 0.9088636 0.00326854 -0.4170807 -7.606334 -0.03875321 0.9963054 -0.07663965 -1.761966 0.4152893 0.08581819 0.9056324 26.91437
5.298151 0.904883 0.00460814 -0.4256354 -7.98219 -0.04021677 0.9963939 -0.0747117 -1.83986 0.4237562 0.08472302 0.9018052 27.68873
5.401997 0.9011219 0.003561205 -0.4335513 -8.362269 -0.0388233 0.996612 -0.07250673 -1.915761 0.4318242 0.08216928 0.8982072 28.46912
5.505885 0.8972017 0.004003364 -0.4416029 -8.757075 -0.03820143 0.9969142 -0.06857602 -1.990234 0.4399657 0.07839636 0.894586 29.26142
5.609757 0.8934531 0.006286261 -0.4491125 -9.164411 -0.03863652 0.9972714 -0.06290362 -2.060214 0.4474917 0.07355357 0.8912582 30.05971
5.713619 0.8896269 0.006524173 -0.4566414 -9.580703 -0.03732651 0.9975913 -0.05846647 -2.130016 0.4551601 0.06905817 0.8877276 30.86421
5.817477 0.885829 0.005849285 -0.4639749 -10.00712 -0.03614492 0.9977521 -0.05642995 -2.196452 0.4626019 0.06675761 0.8840492 31.67496
5.92135 0.8825642 0.004764472 -0.4701677 -10.44426 -0.03498797 0.9978418 -0.05556515 -2.258264 0.4688883 0.06549002 0.8808262 32.49206
6.025285 0.8793579 0.005398335 -0.4761309 -10.89504 -0.03522844 0.9979329 -0.05374831 -2.31948 0.4748566 0.06403734 0.8777303 33.317
6.129103 0.8764052 0.004444602 -0.4815539 -11.35407 -0.03365615 0.9980776 -0.05204062 -2.38108 0.4803969 0.06181591 0.8748701 34.15206
6.233134 0.8737377 0.003155669 -0.4863872 -11.82494 -0.03246567 0.9981273 -0.05184495 -2.443855 0.4853127 0.06108977 0.8722039 34.99697
6.336918 0.8716007 0.002167155 -0.4902118 -12.30225 -0.03196712 0.998113 -0.05242529 -2.505327 0.4891732 0.06136457 0.8700253 35.84444
6.441106 0.8701921 0.002319482 -0.4927072 -12.79251 -0.03265581 0.9980616 -0.05297637 -2.570879 0.4916293 0.06218936 0.8685811 36.72204
6.545512 0.8697487 0.00252515 -0.4934884 -13.28826 -0.03229971 0.998134 -0.05181923 -2.638091 0.4924367 0.06100923 0.8682073 37.6162
6.64873 0.8696349 0.002975155 -0.4936865 -13.78452 -0.03195058 0.9982247 -0.05026564 -2.707338 0.4926605 0.05948631 0.8681861 38.51664
6.752638 0.8694144 0.001873861 -0.49408 -14.28954 -0.03037506 0.998304 -0.04966368 -2.775142 0.493149 0.05818602 0.8679968 39.42708
6.856505 0.8687731 1.966427e-05 -0.4952104 -14.80797 -0.02858148 0.998335 -0.05010232 -2.841759 0.4943849 0.05768139 0.8673272 40.34309
6.960403 0.8676927 -0.002580071 -0.4970943 -15.33465 -0.0261242 0.998368 -0.0507824 -2.909137 0.496414 0.0570497 0.8662092 41.26523
7.064308 0.8661087 -0.003152817 -0.4998457 -15.8674 -0.02470117 0.9984884 -0.04909906 -2.976585 0.499245 0.05487189 0.8647217 42.1904
7.168161 0.8640267 -0.00213553 -0.5034415 -16.40548 -0.02364757 0.9987151 -0.04482132 -3.043619 0.5028904 0.05063198 0.862866 43.11456
7.271858 0.8612122 -0.002515559 -0.5082394 -16.94522 -0.02112709 0.9989462 -0.04074421 -3.1089 0.5078064 0.04582703 0.8602515 44.03507
7.375748 0.857317 -0.00232274 -0.5147836 -17.49249 -0.02029804 0.9990596 -0.03831204 -3.173069 0.5143885 0.04329465 0.8564637 44.94973
7.479481 0.8520813 -0.005804948 -0.5233772 -18.04673 -0.01816238 0.9990084 -0.04064949 -3.235637 0.5230942 0.04414244 0.851131 45.85695
7.583886 0.8459794 -0.009821908 -0.5331251 -18.61936 -0.01617194 0.9988977 -0.0440651 -3.298545 0.5329703 0.04589983 0.8448881 46.76609
7.687027 0.8398031 -0.01033534 -0.5427928 -19.21229 -0.01601771 0.9989118 -0.04380276 -3.356507 0.5426548 0.04547998 0.8387236 47.66232
7.790766 0.8339495 -0.006907958 -0.5517976 -19.82282 -0.01727628 0.9991047 -0.03861801 -3.410242 0.5515704 0.04173847 0.8330835 48.55068
7.894618 0.8287116 -0.001605836 -0.5596736 -20.43384 -0.02050625 0.9992373 -0.03323077 -3.465273 0.5593001 0.03901553 0.8280466 49.43336
7.998481 0.8244741 -0.001420809 -0.5658979 -21.05696 -0.02183704 0.9991721 -0.0343237 -3.51714 0.5654782 0.04065653 0.8237606 50.29682
8.102397 0.8208828 -0.004306569 -0.5710805 -21.67507 -0.02223179 0.9989726 -0.03948978 -3.574727 0.5706639 0.04511262 0.8199437 51.15815
8.206229 0.8179645 -0.00641238 -0.5752329 -22.2986 -0.0249715 0.9985995 -0.04664059 -3.635034 0.5747265 0.05251477 0.8166589 52.01179
8.310112 0.8145803 -0.006933137 -0.5800093 -22.92529 -0.02492187 0.9985869 -0.04693753 -3.696616 0.5795151 0.0526893 0.8132565 52.87389
8.413979 0.8111073 -0.006174055 -0.5848649 -23.5601 -0.02436094 0.99872 -0.04432731 -3.761561 0.5843899 0.05020205 0.8099186 53.73417
8.517862 0.8078624 -0.00279969 -0.5893645 -24.20131 -0.02439166 0.9989731 -0.03817998 -3.822517 0.5888662 0.04521974 0.8069646 54.59689
8.62172 0.8047634 -0.001072406 -0.5935948 -24.84571 -0.02455639 0.9990821 -0.03509719 -3.875701 0.5930876 0.04282147 0.8039984 55.45675
8.725744 0.8016398 -0.0007168066 -0.597807 -25.49478 -0.02557654 0.9990425 -0.03549523 -3.921434 0.59726 0.04374422 0.8008539 56.31342
8.829907 0.7980946 -0.001906616 -0.6025291 -26.14832 -0.02569411 0.9989776 -0.03719488 -3.971575 0.6019841 0.04516647 0.7972297 57.17032
8.933548 0.7940434 -0.004490124 -0.6078445 -26.80899 -0.02469164 0.9989091 -0.03963425 -4.019298 0.6073594 0.04647998 0.7930663 58.01515
9.038033 0.7896376 -0.005883988 -0.6135453 -27.48253 -0.02381542 0.9989066 -0.04023028 -4.070618 0.6131112 0.04637917 0.788634 58.86465
9.141108 0.7851233 -0.00569829 -0.6193132 -28.1597 -0.02355687 0.9989593 -0.03905521 -4.126091 0.6188913 0.04525223 0.7841721 59.69578
9.244879 0.7801529 -0.005230775 -0.625567 -28.84498 -0.02393247 0.9989835 -0.03819965 -4.187294 0.625131 0.04477292 0.7792347 60.53112
9.348782 0.7747575 -0.006527504 -0.6322248 -29.54119 -0.02367156 0.9989461 -0.039322 -4.248257 0.6318152 0.04543076 0.7737865 61.36091
9.452542 0.7692225 -0.008108737 -0.6389295 -30.245 -0.02299429 0.9989205 -0.0403608 -4.308387 0.6385672 0.04573816 0.7682057 62.19212
9.556318 0.7635463 -0.009127523 -0.6456885 -30.95782 -0.02273018 0.9989006 -0.04099969 -4.369134 0.6453529 0.04598178 0.7624994 63.01777
9.659968 0.7578107 -0.01050982 -0.6523898 -31.6783 -0.02224842 0.9988726 -0.04193515 -4.431688 0.6520951 0.04629354 0.7567225 63.84049
9.764859 0.7515981 -0.01253177 -0.6595023 -32.41736 -0.02142438 0.9988282 -0.04339578 -4.495389 0.6592733 0.04674561 0.7504489 64.66956
9.869005 0.7453405 -0.01321772 -0.6665529 -33.16065 -0.02063561 0.998867 -0.04288227 -4.558237 0.6663645 0.04571662 0.7442233 65.48993
9.971133 0.7390352 -0.01353693 -0.6735308 -33.90236 -0.01966365 0.9989386 -0.04165317 -4.621788 0.6733798 0.04402723 0.7379846 66.29394
10.07493 0.7325427 -0.01349799 -0.6805872 -34.6737 -0.01927296 0.9989913 -0.0405571 -4.69083 0.6804482 0.04282673 0.7315437 67.09446
10.17863 0.7260757 -0.01543598 -0.6874415 -35.45262 -0.01787203 0.9989866 -0.04130792 -4.759468 0.6873825 0.04227865 0.725064 67.89101
10.28236 0.7194909 -0.01708224 -0.6942917 -36.25058 -0.01775566 0.9989182 -0.04297733 -4.834985 0.6942749 0.0432494 0.7184093 68.68199
10.38618 0.7133849 -0.0164426 -0.7005795 -37.05458 -0.01919797 0.9988909 -0.04299285 -4.906233 0.7005094 0.04412015 0.712278 69.47298
10.48986 0.7078765 -0.01558863 -0.7061641 -37.87518 -0.01972175 0.9989304 -0.04182105 -4.981378 0.7060608 0.04353093 0.706812 70.26199
10.59363 0.7028426 -0.01503627 -0.7111865 -38.69255 -0.02087974 0.9989097 -0.04175424 -5.057858 0.7110389 0.04419604 0.7017623 71.05256
10.6974 0.6978988 -0.01609744 -0.7160154 -39.51886 -0.02079239 0.9988706 -0.04272289 -5.137328 0.7158945 0.04470392 0.6967759 71.83896
10.80111 0.6926488 -0.01780251 -0.7210553 -40.35157 -0.0214703 0.9987434 -0.04528296 -5.214173 0.7209554 0.04684646 0.6913962 72.62312
10.90498 0.6875324 -0.02030697 -0.7258697 -41.19284 -0.02112818 0.9986262 -0.04794991 -5.292359 0.7258462 0.04830342 0.6861589 73.4057
11.00877 0.6824175 -0.02114368 -0.7306568 -42.04713 -0.02154098 0.9985657 -0.04901522 -5.369497 0.7306452 0.0491879 0.6809833 74.18462
11.11248 0.6774179 -0.02029179 -0.7353185 -42.91451 -0.02142543 0.998651 -0.04729704 -5.443967 0.7352864 0.04779437 0.6760693 74.95793
11.21624 0.6722415 -0.02004618 -0.7400605 -43.78384 -0.0209892 0.9987154 -0.04611819 -5.527046 0.7400343 0.04653583 0.6709572 75.73564
11.32004 0.6671161 -0.02124206 -0.7446508 -44.65831 -0.01993251 0.9987265 -0.04634697 -5.602316 0.7446871 0.04576156 0.6658432 76.50974
11.42378 0.6622093 -0.02216481 -0.7489911 -45.5383 -0.01912889 0.9987366 -0.04646803 -5.677124 0.7490748 0.04509892 0.6609486 77.27779
11.52765 0.6576917 -0.0232386 -0.7529287 -46.43229 -0.0180077 0.9987533 -0.04655573 -5.7518 0.753072 0.04417783 0.6564533 78.05127
11.63142 0.6537987 -0.02382555 -0.7562933 -47.33404 -0.01710334 0.9987834 -0.04625018 -5.824835 0.7564752 0.04317344 0.6525958 78.82482
11.73513 0.6498156 -0.0259303 -0.7596494 -48.239 -0.01455254 0.9988103 -0.04654242 -5.898424 0.7599526 0.04129881 0.6486652 79.5962
11.83905 0.6455088 -0.03066921 -0.7631368 -49.1522 -0.01116925 0.9987075 -0.04958406 -5.978524 0.7636711 0.04053061 0.644332 80.36127
11.94296 0.6404574 -0.03548947 -0.7671733 -50.07598 -0.00685873 0.9986275 -0.05192241 -6.06436 0.7679631 0.03851592 0.639335 81.1292
12.04627 0.6339648 -0.03935732 -0.7723598 -51.00162 -0.001638042 0.9986336 -0.05223215 -6.153399 0.7733602 0.0343785 0.6330341 81.89059
12.14986 0.6255042 -0.042666 -0.7790533 -51.94082 0.002937217 0.9986254 -0.0523329 -6.240477 0.7802153 0.0304462 0.6247697 82.64668
12.2536 0.6162967 -0.04426734 -0.7862689 -52.8957 0.006310456 0.9986644 -0.05127903 -6.326822 0.7874888 0.02664138 0.615753 83.39659
12.35736 0.6073443 -0.04248918 -0.7933016 -53.86648 0.006689869 0.9988068 -0.04837433 -6.412013 0.7944106 0.02407279 0.606904 84.13486
12.46099 0.5981988 -0.04203976 -0.8002442 -54.84867 0.006320427 0.9988394 -0.04774805 -6.495943 0.8013228 0.02350495 0.5977703 84.86188
12.56474 0.5885635 -0.04399805 -0.8072529 -55.84158 0.005492 0.9987125 -0.05042908 -6.577872 0.8084324 0.02524728 0.5880474 85.57728
12.66839 0.578477 -0.04577277 -0.8144134 -56.84458 0.006190303 0.9986419 -0.05173007 -6.660712 0.8156752 0.02488319 0.5779747 86.28487
12.77211 0.5684993 -0.04744552 -0.8213145 -57.85918 0.006431293 0.9985614 -0.05323306 -6.747722 0.8226586 0.02498085 0.5679866 86.98373
12.87573 0.5581987 -0.04826769 -0.8283022 -58.88092 0.008995736 0.9985998 -0.05212917 -6.837334 0.8296586 0.02164725 0.5578513 87.67629
12.97949 0.5476275 -0.04823126 -0.835331 -59.91653 0.010468 0.998654 -0.05079877 -6.928351 0.8366568 0.01907456 0.5473953 88.35909
13.08311 0.5371294 -0.04842119 -0.8421089 -60.96415 0.01073061 0.9986624 -0.05057862 -7.015079 0.8434316 0.01813092 0.5369306 89.02721
13.18686 0.5267133 -0.04963826 -0.8485925 -62.02188 0.0103153 0.9985933 -0.05200993 -7.10298 0.8499805 0.01864083 0.5264844 89.68383
13.29073 0.5164917 -0.05044852 -0.8548048 -63.09538 0.008987048 0.9985274 -0.05350052 -7.1928 0.856245 0.01995041 0.5161845 90.32891
13.39422 0.506467 -0.05110642 -0.8607435 -64.17133 0.007655844 0.9984691 -0.0547791 -7.283912 0.8622254 0.02115409 0.5060829 90.95949
13.49801 0.4966546 -0.05105676 -0.8664453 -65.26817 0.006786521 0.9984662 -0.05494623 -7.374808 0.8679218 0.02140915 0.4962393 91.58512
13.60173 0.4877562 -0.04910681 -0.8715976 -66.37327 0.00582533 0.9985774 -0.05300109 -7.465671 0.8729605 0.02077427 0.4873484 92.20094
13.70551 0.4796069 -0.04700544 -0.8762235 -67.48666 0.006149553 0.9987197 -0.05021082 -7.555186 0.877462 0.01869307 0.4792819 92.80938
13.80923 0.4719319 -0.04732563 -0.8803639 -68.60646 0.006426764 0.9987163 -0.05024274 -7.643588 0.8816116 0.01805326 0.4716302 93.40826
13.9129 0.4642322 -0.05055978 -0.8842693 -69.7287 0.00832206 0.9985743 -0.0527264 -7.731317 0.8856745 0.01711835 0.4639911 93.99874
14.01665 0.4570917 -0.05386987 -0.8877867 -70.85828 0.01099739 0.9984301 -0.0549214 -7.820048 0.8893516 0.01534078 0.4569666 94.58336
14.12027 0.4508577 -0.05668127 -0.8907943 -71.99157 0.01202786 0.9982769 -0.05743274 -7.914147 0.8925148 0.01517964 0.4507626 95.1581
14.2245 0.445296 -0.06019002 -0.8933581 -73.13057 0.0138246 0.9980812 -0.06035486 -8.01191 0.8952767 0.01452546 0.4452737 95.72828
14.32763 0.4404362 -0.06118295 -0.8956967 -74.26251 0.01648406 0.9980581 -0.06006941 -8.110093 0.8976326 0.01169203 0.4405895 96.28811
14.43126 0.4361561 -0.05858994 -0.8979616 -75.40274 0.01780717 0.9982447 -0.05648393 -8.20952 0.8996949 0.008645658 0.4364338 96.84446
14.53838 0.4322135 -0.05653957 -0.8999971 -76.58015 0.02112313 0.9983934 -0.05257689 -8.308009 0.9015239 0.003713691 0.4327134 97.41509
14.63863 0.4288446 -0.0558798 -0.9016483 -77.67611 0.02281072 0.9984366 -0.05102898 -8.39673 0.9030903 0.001316265 0.4294489 97.93967
14.74239 0.4259122 -0.05624384 -0.9030146 -78.80716 0.02445442 0.9984169 -0.05065187 -8.486978 0.904434 -0.0005094444 0.4266134 98.47551
14.84612 0.4232849 -0.05523644 -0.9043112 -79.93532 0.02629154 0.9984682 -0.04868128 -8.574915 0.9056151 -0.003169679 0.4240888 99.00669
14.95 0.4209215 -0.05420603 -0.905476 -81.06306 0.02773444 0.9985153 -0.04688312 -8.661986 0.906673 -0.00537875 0.4217999 99.53295
15.05374 0.4186668 -0.05526254 -0.9064569 -82.18012 0.03037902 0.9984404 -0.04683916 -8.741442 0.9076317 -0.007927263 0.4196927 100.0567
15.15749 0.4160303 -0.05553146 -0.9076536 -83.28006 0.03246276 0.9984044 -0.04620416 -8.827999 0.9087711 -0.0102426 0.4171692 100.5627
15.26124 0.4134067 -0.05475406 -0.9088987 -84.37076 0.03570778 0.9983974 -0.04390421 -8.914608 0.9098461 -0.01430446 0.4146993 101.0627
15.36503 0.4112317 -0.05406871 -0.9099258 -85.46189 0.03750869 0.9983975 -0.04237413 -8.99653 0.9107588 -0.01670453 0.4126007 101.5536
15.46885 0.4093026 -0.05479425 -0.9107519 -86.54683 0.03979175 0.9983173 -0.04217965 -9.072686 0.9115306 -0.01897616 0.4107942 102.0328
15.57268 0.4079197 -0.05622149 -0.9112852 -87.62037 0.04108249 0.9982216 -0.04319522 -9.149512 0.9120931 -0.01981767 0.409504 102.5091
15.67651 0.4072736 -0.0574136 -0.9114998 -88.68276 0.04121229 0.9981608 -0.04445787 -9.227599 0.9123759 -0.01945848 0.4088907 102.9766
15.78037 0.4075927 -0.05795142 -0.9113231 -89.74022 0.04017833 0.9981559 -0.04550326 -9.305889 0.9122795 -0.01806864 0.4091694 103.4282
15.8841 0.4096552 -0.05776576 -0.9104097 -90.78632 0.03799735 0.9982074 -0.04623898 -9.383578 0.9114488 -0.01565111 0.4111158 103.8744
15.988 0.4139154 -0.05777102 -0.9084803 -91.82278 0.03564327 0.9982474 -0.04723986 -9.462617 0.9096173 -0.0128279 0.4152491 104.3271
16.0919 0.4190585 -0.05806051 -0.9061009 -92.85032 0.03396838 0.9982572 -0.04825577 -9.540419 0.9073236 -0.01055678 0.4203004 104.7844
16.1957 0.4248597 -0.05821256 -0.9033856 -93.87053 0.03328904 0.99826 -0.04867036 -9.609312 0.904647 -0.009394764 0.4260582 105.2557
16.2995 0.4318136 -0.05709458 -0.900154 -94.88237 0.03225411 0.9983336 -0.04784925 -9.680288 0.901386 -0.008371707 0.4329355 105.7334
16.40337 0.4399854 -0.05549092 -0.8962888 -95.88621 0.03065506 0.9984353 -0.04676655 -9.749076 0.8974816 -0.00689918 0.4409981 106.2164
16.50726 0.4488454 -0.05517551 -0.8919044 -96.88157 0.03026825 0.998458 -0.04653489 -9.818909 0.8930967 -0.006109403 0.4498233 106.7096
16.61111 0.4583543 -0.05470388 -0.8870844 -97.8684 0.02959346 0.9984899 -0.04628307 -9.886761 0.8882767 -0.00503785 0.4592811 107.2111
16.71499 0.468177 -0.05512405 -0.8819136 -98.8429 0.02851588 0.9984749 -0.04727166 -9.958087 0.8831745 -0.003017038 0.4690349 107.7189
16.81885 0.4786921 -0.05678936 -0.8761443 -99.80583 0.02678003 0.998386 -0.05008117 -10.02675 0.8775744 0.0005102926 0.4794403 108.2398
16.92275 0.4900937 -0.05746268 -0.8697736 -100.7547 0.02497006 0.9983407 -0.05188669 -10.0936 0.871312 0.003711045 0.4907154 108.779
17.02673 0.5023364 -0.05599002 -0.8628576 -101.6995 0.02292463 0.9984129 -0.05143988 -10.15566 0.8643683 0.006059441 0.5028227 109.333
17.13054 0.5152097 -0.05315552 -0.8554142 -102.636 0.02128305 0.9985606 -0.04923204 -10.21665 0.8567999 0.007159 0.5155994 109.9002
17.23425 0.5277749 -0.05081668 -0.8478628 -103.5604 0.02039561 0.9986791 -0.04716007 -10.27636 0.8491394 0.007597224 0.5281142 110.4797
17.33811 0.5396874 -0.0504039 -0.8403553 -104.475 0.02077497 0.9986994 -0.04655932 -10.32552 0.8416092 0.007669122 0.5400326 111.0646
17.44238 0.5512438 -0.05094885 -0.8327871 -105.3784 0.02099405 0.9986648 -0.04720052 -10.37734 0.83408 0.00853542 0.5515774 111.6592
17.54579 0.5624291 -0.05175227 -0.8252243 -106.2592 0.021376 0.9986158 -0.04805743 -10.42733 0.8265692 0.009388904 0.5627568 112.2557
17.64936 0.5735172 -0.05312901 -0.8174688 -107.1244 0.02315143 0.9985473 -0.04865518 -10.48384 0.8188663 0.00897901 0.5739141 112.8599
17.75312 0.5843075 -0.05366822 -0.8097558 -107.976 0.02417163 0.9985191 -0.04873702 -10.53886 0.8111723 0.008904287 0.5847395 113.4723
17.85705 0.5951811 -0.05121604 -0.8019578 -108.8156 0.02304136 0.9986442 -0.0466768 -10.59968 0.8032612 0.009302959 0.5955543 114.0873
17.96053 0.6052642 -0.04844117 -0.7945493 -109.6406 0.02329405 0.998797 -0.0431488 -10.65546 0.7956838 0.007608155 0.6056645 114.7106
18.06414 0.6153476 -0.04667761 -0.7868726 -110.4479 0.02193382 0.9988725 -0.04210092 -10.71449 0.7879507 0.008647581 0.6156777 115.333
18.16789 0.625611 -0.04603175 -0.778776 -111.2427 0.01999751 0.9988759 -0.04297687 -10.76967 0.7798789 0.01131322 0.6258282 115.9602
18.27164 0.6352746 -0.04586128 -0.7709234 -112.0216 0.01832673 0.9988493 -0.0443183 -10.82745 0.7720689 0.01402579 0.6353841 116.5904
18.37542 0.644632 -0.04556259 -0.7631341 -112.7849 0.01810481 0.9988523 -0.04434261 -10.8844 0.7642787 0.01476827 0.6447171 117.2256
18.4791 0.6539294 -0.04355499 -0.7553008 -113.542 0.01795909 0.9989538 -0.04205669 -10.94072 0.7563424 0.01393759 0.6540275 117.8586
18.5829 0.6627892 -0.04156585 -0.7476515 -114.2854 0.0177195 0.9990492 -0.03983412 -10.99692 0.7485964 0.01315362 0.6628955 118.4946
18.68662 0.6711328 -0.04096189 -0.7402046 -115.015 0.0183221 0.9990838 -0.03867553 -11.05074 0.7411107 0.01239431 0.6712685 119.1327
18.79026 0.6790069 -0.04041487 -0.7330186 -115.7305 0.01725344 0.9990862 -0.03910235 -11.10434 0.7339292 0.01390367 0.6790837 119.7729
18.89408 0.68663 -0.03934016 -0.7259419 -116.4343 0.01654401 0.9991218 -0.03849619 -11.15559 0.7268188 0.01442265 0.6866778 120.4136
18.99778 0.6940511 -0.03716524 -0.7189658 -117.1234 0.01591975 0.9992147 -0.03628398 -11.20384 0.7197497 0.01373718 0.6940977 121.0568
19.10151 0.701959 -0.03415441 -0.7113979 -117.7905 0.01490303 0.9993352 -0.03327307 -11.24261 0.7120614 0.01275435 0.7020014 121.6885
19.20527 0.7095204 -0.03197352 -0.7039592 -118.4457 0.01340608 0.9994018 -0.03188042 -11.28508 0.7045574 0.01318247 0.7095246 122.3238
19.30914 0.7174647 -0.03178964 -0.6958691 -119.0789 0.01320678 0.9993993 -0.03203928 -11.32614 0.6964697 0.01379686 0.7174536 122.9483
19.41289 0.72569 -0.02896043 -0.687412 -119.7016 0.01057531 0.9994652 -0.03094294 -11.36777 0.6879406 0.01518538 0.7256082 123.5775
19.51661 0.7348171 -0.02580783 -0.6777742 -120.3051 0.009460201 0.9995686 -0.02780453 -11.40579 0.6781994 0.01401936 0.7347442 124.211
19.6205 0.744327 -0.02213196 -0.6674484 -120.8956 0.007719389 0.999669 -0.02453955 -11.44246 0.6677707 0.01311316 0.7442516 124.8571
19.72573 0.7547535 -0.0203938 -0.6556914 -121.4729 0.006117148 0.999692 -0.02405184 -11.47772 0.65598 0.01414225 0.7546458 125.5059
19.82825 0.7647006 -0.01960252 -0.6440875 -122.0228 0.004656869 0.9996792 -0.02489588 -11.51095 0.6443689 0.01603846 0.7645466 126.1435
19.932 0.7746034 -0.02018036 -0.6321253 -122.564 0.00457804 0.9996435 -0.02630334 -11.54304 0.6324308 0.01748076 0.7744196 126.7939
20.03595 0.7846071 -0.02075187 -0.6196459 -123.091 0.004942859 0.9996173 -0.02721834 -11.57569 0.6199736 0.01829288 0.7844094 127.4499
20.13977 0.7948394 -0.01834724 -0.6065424 -123.6107 0.00402513 0.9996802 -0.02496453 -11.60825 0.6068065 0.01740138 0.7946591 128.1154
20.24355 0.8050896 -0.01614937 -0.5929333 -124.1152 0.003688719 0.9997463 -0.02222092 -11.63984 0.5931417 0.01570267 0.8049449 128.7847
20.34736 0.8148581 -0.01492357 -0.5794684 -124.609 0.004098955 0.9997919 -0.01998452 -11.67018 0.579646 0.01390933 0.8147497 129.4645
20.4513 0.824062 -0.01381468 -0.5663311 -125.0882 0.004893593 0.9998389 -0.01726876 -11.70293 0.5664785 0.01145913 0.8239969 130.1548
20.55501 0.83237 -0.01296992 -0.5540686 -125.5569 0.005316225 0.999867 -0.0154189 -11.73561 0.5541949 0.009888676 0.8323282 130.8488
20.65875 0.8396772 -0.01327468 -0.5429235 -126.0103 0.006847246 0.9998805 -0.01385761 -11.77774 0.5430427 0.007918387 0.8396678 131.5496
20.7627 0.8464589 -0.01351566 -0.5322824 -126.4556 0.007459736 0.9998807 -0.01352606 -11.80813 0.5324018 0.007478573 0.8464588 132.2593
20.86859 0.8533775 -0.01258659 -0.5211414 -126.9007 0.006571248 0.9998887 -0.01338875 -11.83797 0.521252 0.008001112 0.8533653 132.9864
20.97 0.8600178 -0.01100492 -0.5101454 -127.3259 0.005286332 0.9999059 -0.01265824 -11.86483 0.5102367 0.008189516 0.859995 133.6942
21.074 0.8663899 -0.009696004 -0.499274 -127.7507 0.004221191 0.9999179 -0.01209359 -11.89333 0.4993503 0.008370232 0.8663598 134.4241
21.17762 0.8723606 -0.0103437 -0.4887535 -128.1662 0.004966989 0.999912 -0.01229615 -11.91791 0.4888377 0.008299043 0.8723353 135.1627
21.2818 0.8775617 -0.01177845 -0.479319 -128.5745 0.006211317 0.9998936 -0.01319869 -11.93811 0.4794234 0.00860546 0.8775415 135.9153
21.38501 0.8820099 -0.01260976 -0.4710621 -128.9796 0.006856647 0.9998795 -0.01392727 -11.95018 0.471181 0.009054083 0.8819901 136.6699
21.48876 0.8855067 -0.01185366 -0.4644754 -129.3903 0.006350882 0.9998899 -0.01340999 -11.96483 0.4645832 0.008924811 0.8854845 137.4388
21.59249 0.8887377 -0.01024149 -0.4583016 -129.7992 0.006307207 0.9999289 -0.0101141 -11.97619 0.4583726 0.006098182 0.8887392 138.2215
21.69684 0.891936 -0.006212235 -0.452119 -130.2152 0.004120608 0.9999757 -0.00561084 -11.98969 0.4521429 0.003141507 0.89194 139.0168
21.79999 0.8952692 -0.003109988 -0.4455148 -130.6247 0.002152844 0.9999941 -0.002654447 -11.99943 0.4455205 0.001417323 0.8952706 139.8168
21.90366 0.898531 -0.0008521526 -0.4389091 -131.0349 0.0005107788 0.9999994 -0.0008958609 -12.00769 0.4389097 0.0005807753 0.898531 140.6304
22.00742 0.9018299 0.001265615 -0.4320894 -131.4426 -0.0007282272 0.9999987 0.001409146 -12.0124 0.4320907 -0.0009561481 0.9018297 141.4623
22.11113 0.905145 0.002656961 -0.4250946 -131.8502 -0.0009834504 0.9999909 0.004156186 -12.01698 0.4251018 -0.003343889 0.9051394 142.3079
22.21499 0.90857 0.002657663 -0.4177243 -132.2539 5.308222e-06 0.9999797 0.006373661 -12.01933 0.4177328 -0.005793131 0.9085515 143.168
22.31874 0.912136 0.002373924 -0.4098808 -132.6563 0.000657765 0.9999734 0.00725536 -12.02112 0.4098871 -0.006887477 0.9121103 144.0415
22.42259 0.9158194 0.001804681 -0.4015863 -133.0539 0.001170635 0.9999736 0.007163401 -12.02274 0.4015886 -0.007030489 0.9157932 144.9288
22.52637 0.919683 -0.0008858128 -0.3926607 -133.4442 0.003786082 0.9999709 0.006611834 -12.02321 0.3926435 -0.007567434 0.9196596 145.8318
22.63013 0.9237461 -0.00241959 -0.3829978 -133.8322 0.004893411 0.999973 0.005485 -12.02503 0.3829742 -0.00694091 0.923733 146.7482
22.73592 0.9282909 -0.00365101 -0.3718368 -134.2211 0.005282377 0.9999803 0.0033688 -12.02922 0.3718173 -0.005091406 0.928292 147.6967
22.83789 0.9333695 -0.002591909 -0.3589076 -134.5894 0.003557208 0.9999916 0.00202922 -12.03712 0.3588994 -0.003170718 0.9333709 148.6265
22.94174 0.9394995 0.001165693 -0.3425482 -134.9441 -1.171002e-05 0.9999943 0.003370868 -12.05065 0.3425502 -0.003162915 0.9394942 149.5973
23.04576 0.9460789 0.005301932 -0.3238928 -135.286 -0.003340965 0.9999725 0.006610121 -12.061 0.323919 -0.005171579 0.9460707 150.5851
23.14982 0.9527436 0.008287088 -0.3036627 -135.6069 -0.006125921 0.9999487 0.008068928 -12.07054 0.303714 -0.005827403 0.9527454 151.5955
23.25362 0.9592679 0.01008173 -0.282318 -135.9116 -0.007813793 0.9999275 0.009158056 -12.07541 0.2823899 -0.006579052 0.9592772 152.6125
23.35762 0.9653823 0.0113209 -0.2605933 -136.1882 -0.008917047 0.9999061 0.01040504 -12.08576 0.2606866 -0.007721111 0.9653926 153.6548
23.46162 0.9710369 0.01176226 -0.2386398 -136.4469 -0.009009547 0.9998797 0.01262258 -12.09323 0.2387596 -0.01010695 0.9710261 154.7167
23.56552 0.976227 0.01398964 -0.2162988 -136.6825 -0.01071765 0.9998098 0.01629286 -12.09908 0.2164856 -0.01358731 0.9761913 155.79
23.66949 0.9809216 0.01570219 -0.1937687 -136.9024 -0.01199638 0.9997223 0.02028362 -12.098 0.1940334 -0.01757211 0.9808375 156.8857
23.77343 0.9851399 0.01770171 -0.170839 -137.0941 -0.0138115 0.9996181 0.023933 -12.09538 0.1711974 -0.02121781 0.9850083 157.9996
23.87725 0.9887447 0.01941421 -0.1483477 -137.2667 -0.01602639 0.9995835 0.0239985 -12.08864 0.1487519 -0.0213509 0.988644 159.1246
23.98124 0.9918466 0.01853543 -0.1260828 -137.4145 -0.01592588 0.9996382 0.02167388 -12.08012 0.1264389 -0.01948918 0.9917829 160.2678
24.08512 0.9943196 0.01834331 -0.104843 -137.536 -0.01629397 0.9996597 0.02037012 -12.06524 0.105181 -0.0185461 0.9942801 161.4249
24.18899 0.9963072 0.01696644 -0.08416713 -137.6386 -0.01515296 0.99964 0.02213848 -12.05149 0.08451245 -0.02078134 0.9962057 162.6009
24.29287 0.9978084 0.01753761 -0.06380288 -137.7162 -0.01601578 0.9995767 0.02428577 -12.03634 0.06420179 -0.02321069 0.997667 163.7972
24.39661 0.998901 0.01785651 -0.04333555 -137.7702 -0.01677138 0.9995398 0.02527609 -12.01731 0.04376695 -0.02452151 0.9987408 164.9998
24.5005 0.9995661 0.01896885 -0.02253504 -137.8015 -0.01838246 0.9994942 0.02594959 -11.99947 0.02301588 -0.02552407 0.9994092 166.2283
24.60424 0.9998103 0.01941023 -0.001632394 -137.8118 -0.01935948 0.9994524 0.02683354 -11.98516 0.002152346 -0.02679684 0.9996386 167.4517
24.70812 0.9995868 0.02149296 0.01908533 -137.7975 -0.02198173 0.9994259 0.02577998 -11.97241 -0.01852029 -0.02618886 0.9994854 168.692
24.81187 0.998961 0.02279405 0.03946242 -137.7602 -0.02378432 0.9994092 0.02480885 -11.96079 -0.03887361 -0.02572166 0.998913 169.9379
24.91562 0.9979831 0.02273207 0.05927055 -137.6931 -0.02408569 0.9994628 0.02222441 -11.95174 -0.0587335 -0.02360716 0.9979945 171.1903
25.01937 0.9965962 0.02487978 0.07859357 -137.6033 -0.02651453 0.9994518 0.01982513 -11.94187 -0.07805724 -0.02184152 0.9967096 172.4609
25.12312 0.9948688 0.02493686 0.09805253 -137.4876 -0.0268326 0.9994767 0.01806282 -11.93709 -0.0975508 -0.02060114 0.9950173 173.7397
25.22687 0.9927796 0.02515475 0.1172857 -137.3423 -0.02709059 0.9995213 0.01494018 -11.94306 -0.1168537 -0.01800964 0.9929858 175.0193
25.3305 0.9903387 0.02628986 0.1361549 -137.176 -0.02785918 0.9995654 0.009633054 -11.95029 -0.1358424 -0.01333315 0.9906407 176.3073
25.43425 0.9876246 0.02770974 0.1543689 -136.9802 -0.02855622 0.9995868 0.003268298 -11.96497 -0.1542146 -0.007636044 0.9880079 177.6055
25.53787 0.9846194 0.0298031 0.1721526 -136.7646 -0.0298578 0.9995515 -0.00227227 -11.98376 -0.1721431 -0.002902776 0.9850677 178.9113
25.64164 0.9812808 0.03197 0.1899104 -136.5221 -0.03138665 0.9994888 -0.006079436 -12.01144 -0.1900077 4.982182e-06 0.9817826 180.2277
25.74537 0.9775738 0.03435102 0.2077728 -136.2573 -0.03311603 0.9994071 -0.009420407 -12.04258 -0.2079732 0.002328533 0.9781318 181.5452
25.84899 0.9736725 0.03398047 0.2254044 -135.9617 -0.03275307 0.9994213 -0.009183678 -12.08256 -0.2255861 0.001559206 0.974222 182.8797
25.95276 0.9695096 0.03317081 0.242798 -135.6393 -0.03189334 0.999449 -0.009191359 -12.12331 -0.2429691 0.001167473 0.9700333 184.2188
26.05649 0.9651421 0.03264889 0.2596822 -135.2905 -0.02994205 0.9994483 -0.01437354 -12.16852 -0.2600082 0.006097088 0.9655872 185.5514
26.16024 0.9605564 0.03338092 0.2760746 -134.921 -0.02919312 0.9993881 -0.01926604 -12.21523 -0.2765488 0.01044663 0.9609431 186.8879
26.26402 0.9555247 0.03573794 0.2927377 -134.5303 -0.03144491 0.999318 -0.01935925 -12.26706 -0.2932299 0.009293129 0.9559968 188.2314
26.36774 0.9499691 0.03789933 0.3100361 -134.1176 -0.03345719 0.9992472 -0.01963486 -12.31567 -0.3105468 0.008279573 0.950522 189.5769
26.47149 0.9439025 0.04167229 0.3275844 -133.6769 -0.0361343 0.9990827 -0.02297675 -12.36376 -0.3282415 0.009850776 0.9445425 190.9279
26.57526 0.9377303 0.04257239 0.3447456 -133.2045 -0.03559668 0.9990137 -0.02654226 -12.41575 -0.3455355 0.01261769 0.9383209 192.2715
26.67901 0.9312896 0.04365191 0.3616549 -132.7041 -0.03545236 0.9989423 -0.02928022 -12.47353 -0.3625505 0.01444684 0.9318521 193.6195
26.78286 0.9243962 0.04415322 0.3788697 -132.1764 -0.03402955 0.9988632 -0.03337891 -12.53918 -0.3799128 0.01796257 0.9248479 194.9675
26.88664 0.9165686 0.04668534 0.3971429 -131.6211 -0.03357005 0.9986389 -0.0399165 -12.6128 -0.3984659 0.0232541 0.9168883 196.3008
26.99051 0.9070641 0.04999738 0.4180131 -131.0346 -0.03485337 0.9984326 -0.04378997 -12.69471 -0.4195473 0.02515114 0.907385 197.6474
27.09436 0.8958706 0.0530942 0.4411313 -130.4121 -0.03707817 0.9983052 -0.04485508 -12.78312 -0.4427652 0.023828 0.8963209 198.974
27.19824 0.8830069 0.05799881 0.4657627 -129.7556 -0.04048242 0.9980489 -0.04753367 -12.87573 -0.4676109 0.02311735 0.8836321 200.3057
27.30214 0.869333 0.06188306 0.4903373 -129.0608 -0.04247779 0.9978143 -0.05061917 -12.973 -0.4923981 0.02317646 0.8700615 201.6167
27.40599 0.8550623 0.06570777 0.5143452 -128.325 -0.04406734 0.9975583 -0.05417962 -13.07773 -0.5166494 0.02366112 0.8558701 202.9078
27.50994 0.8403935 0.06709962 0.537807 -127.547 -0.04359466 0.9974602 -0.05632606 -13.18252 -0.5402206 0.02389054 0.8411843 204.1905
27.61365 0.8251684 0.06848328 0.5607202 -126.7314 -0.0432265 0.9973686 -0.05820005 -13.29464 -0.5632305 0.02378686 0.8259574 205.446
27.7175 0.8094251 0.07038394 0.5829898 -125.8796 -0.04127185 0.9971545 -0.06308379 -13.41339 -0.585771 0.02700053 0.8100267 206.6836
27.82125 0.7935545 0.07266576 0.6041449 -124.994 -0.03914013 0.9968835 -0.06849267 -13.53728 -0.6072392 0.03070634 0.7939255 207.8983
27.92502 0.7777115 0.07454201 0.6241861 -124.0689 -0.03760427 0.996683 -0.07217317 -13.67026 -0.6274956 0.03265784 0.7779349 209.0904
28.02875 0.7618118 0.07606509 0.6433171 -123.1156 -0.03615865 0.996527 -0.07500944 -13.8093 -0.6467885 0.03388159 0.7619164 210.2655
28.13263 0.7463151 0.0763897 0.6611946 -122.1292 -0.03399561 0.9964704 -0.07675297 -13.95312 -0.664724 0.03480418 0.7462779 211.424
28.23653 0.7311888 0.07701624 0.6778137 -121.1117 -0.03225451 0.9963984 -0.07842087 -14.09866 -0.6814122 0.03547791 0.7310395 212.5536
28.34005 0.7164943 0.07777927 0.6932433 -120.0725 -0.02965293 0.9962624 -0.08112941 -14.24635 -0.6969625 0.03757206 0.7161227 213.663
28.44375 0.7018663 0.07915916 0.7078966 -119.0042 -0.02719627 0.9960592 -0.08441782 -14.39724 -0.7117894 0.03999787 0.7012532 214.7483
28.5475 0.687314 0.0810311 0.7218265 -117.9114 -0.02437413 0.9957712 -0.088575 -14.55461 -0.7259514 0.04328494 0.6863826 215.8204
28.65115 0.6723406 0.08323069 0.735548 -116.7977 -0.02304057 0.9955303 -0.09158829 -14.71793 -0.7398833 0.04463107 0.6712531 216.8677
28.75498 0.6571121 0.08396092 0.7491023 -115.6567 -0.02184506 0.9954811 -0.0924131 -14.88974 -0.7534763 0.04436157 0.6559768 217.8953
28.85856 0.640903 0.08505921 0.7628947 -114.5005 -0.02215092 0.9954772 -0.09238225 -15.05999 -0.7673023 0.04230923 0.6398884 218.8995
28.96231 0.6237247 0.08603367 0.7768949 -113.3266 -0.02419427 0.9955728 -0.09082598 -15.22932 -0.7812696 0.03785399 0.6230449 219.8821
29.06591 0.60602 0.08709357 0.7906671 -112.1403 -0.0267884 0.9956586 -0.08914141 -15.39873 -0.7949982 0.03284077 0.6057222 220.8287
29.16963 0.588341 0.08846893 0.8037587 -110.9463 -0.02957909 0.9956862 -0.08794271 -15.56587 -0.8080718 0.02796585 0.5884199 221.7455
29.27328 0.5707896 0.09136522 0.8159973 -109.7418 -0.03003126 0.995448 -0.09045105 -15.73251 -0.820547 0.02712308 0.5709351 222.6219
29.3769 0.5528147 0.09504673 0.8278659 -108.5346 -0.0319238 0.9951601 -0.0929363 -15.89865 -0.8326925 0.02494792 0.5531734 223.4648
29.48064 0.5338657 0.09523624 0.8401889 -107.3071 -0.03251329 0.9952142 -0.09214921 -16.06679 -0.844944 0.02187799 0.5344072 224.2815
29.58441 0.5134242 0.09426517 0.8529418 -106.0712 -0.03291223 0.9953801 -0.09019579 -16.23283 -0.8575036 0.01823647 0.5141547 225.0551
29.68805 0.4922806 0.0924665 0.8655113 -104.8297 -0.03328558 0.995614 -0.08743402 -16.39478 -0.8698 0.01423301 0.4931993 225.798
29.79176 0.4710965 0.09126403 0.8773477 -103.583 -0.03338632 0.9957653 -0.08565521 -16.55412 -0.8814496 0.01106046 0.4721486 226.5016
29.8955 0.4497832 0.08995012 0.8885966 -102.3303 -0.03262113 0.9959062 -0.08430086 -16.70912 -0.8925419 0.008930084 0.4508762 227.1631
29.99928 0.4286649 0.08960883 0.8990087 -101.0709 -0.03166598 0.9959479 -0.08417233 -16.8614 -0.9029085 0.007613732 0.4297655 227.7927
30.10288 0.4080171 0.08873843 0.9086515 -99.81459 -0.02916518 0.9960241 -0.084175 -17.01115 -0.9125084 0.007843853 0.4089829 228.383
30.20674 0.3872057 0.08920905 0.9176674 -98.54908 -0.02665265 0.9959751 -0.08557562 -17.16162 -0.9216081 0.008677094 0.3880249 228.9348
30.31046 0.366657 0.08867475 0.9261206 -97.28755 -0.02269987 0.9960037 -0.08637896 -17.31059 -0.9300792 0.01064864 0.3672047 229.4536
30.41418 0.3459362 0.08668983 0.9342446 -96.02574 -0.02032632 0.9961812 -0.08491051 -17.4558 -0.9380379 0.01038386 0.3463772 229.9362
30.5179 0.3253031 0.08586682 0.9417031 -94.76526 -0.0195202 0.9962662 -0.08409896 -17.60194 -0.9454083 0.008975414 0.3257646 230.3936
