0 1 1.197625e-11 1.704638e-10 1.665335e-16 1.197625e-11 1 3.562503e-10 -1.110223e-16 1.704638e-10 3.562503e-10 1 2.220446e-16
0.1038725 0.9998804 0.001381571 0.01540756 0.01210187 -0.001365955 0.9999985 -0.00102397 0.0004468736 -0.01540895 0.001002801 0.9998808 0.1267281
0.2077453 0.9993411 0.00413927 0.03605873 0.03021791 -0.004118323 0.9999913 -0.0006552072 0.0009791738 -0.03606113 0.0005062745 0.9993495 0.268623
0.3118742 0.9980124 0.005708759 0.06275818 0.05987546 -0.00576068 0.9999832 0.0006463838 0.002308105 -0.06275344 -0.001006628 0.9980286 0.4305403
0.4158721 0.9953527 0.005411577 0.09614398 0.1050408 -0.005718903 0.9999794 0.002921236 0.003322381 -0.09612619 -0.003457497 0.9953632 0.6034613
0.5199995 0.990997 0.002437994 0.133862 0.1652963 -0.003155109 0.9999818 0.00514525 0.005264528 -0.133847 -0.005521275 0.9909866 0.7870087
0.6241195 0.9848812 -0.0008797585 0.1732288 0.2401943 -0.0001148614 0.9999835 0.005731548 0.007625042 -0.173231 -0.00566479 0.9848649 0.9812571
0.7282455 0.9763389 -0.001209269 0.2162426 0.3220547 -0.0003105266 0.9999755 0.006994083 0.01121243 -0.2162458 -0.006895743 0.9763146 1.185453
0.8324957 0.9644808 -0.001175212 0.2641504 0.4170054 -0.001347063 0.9999552 0.009367301 0.0147447 -0.2641496 -0.009390408 0.964436 1.399473
0.9366217 0.9500987 -0.004177904 0.3119216 0.5318267 -0.001009852 0.9998639 0.01646823 0.01361741 -0.3119479 -0.01596143 0.9499651 1.620036
1.04077 0.9333565 -0.01416072 0.3586714 0.6772189 0.005593755 0.999674 0.02491176 0.01304237 -0.3589072 -0.02124523 0.9331314 1.841928
1.144873 0.912332 -0.0201489 0.4089552 0.8328051 0.008864985 0.9995264 0.02946912 0.01601613 -0.4093553 -0.02326024 0.9120785 2.063052
1.248998 0.8872656 -0.02177657 0.4607445 0.9991018 0.007355619 0.9994259 0.03307187 0.01908196 -0.4612002 -0.02595447 0.8869164 2.286905
1.353147 0.859021 -0.02409304 0.5113731 1.18805 0.005460112 0.9992663 0.03790778 0.02416489 -0.5119112 -0.02977142 0.8585223 2.5128
1.457124 0.8270453 -0.02918261 0.5613773 1.399778 0.006631357 0.9990885 0.04216697 0.03070196 -0.5620962 -0.0311513 0.826485 2.733367
1.561124 0.7911863 -0.03486678 0.6105806 1.634196 0.008791727 0.9989188 0.04565031 0.03653765 -0.6115121 -0.03074984 0.7906374 2.948016
1.665128 0.7532744 -0.03928513 0.6565321 1.890112 0.009846352 0.9987762 0.04846688 0.04599883 -0.6576327 -0.0300444 0.7527394 3.160521
1.768997 0.7135453 -0.04262496 0.6993113 2.166152 0.01112298 0.9987109 0.04952483 0.0599496 -0.7005209 -0.02755978 0.7130996 3.369735
1.872875 0.671642 -0.04460763 0.7395317 2.465897 0.01077426 0.9986683 0.05045326 0.07581133 -0.7407975 -0.02591862 0.6712282 3.579897
1.976766 0.6289069 -0.04493066 0.7761812 2.784666 0.006144236 0.9985848 0.05282648 0.09232525 -0.7774563 -0.0284539 0.628293 3.792151
2.080499 0.5870428 -0.04577422 0.8082608 3.131897 0.003200808 0.9985236 0.05422462 0.1077991 -0.8095496 -0.02924508 0.5863226 4.000366
2.184123 0.5468504 -0.04700298 0.8359099 3.507611 0.00157947 0.998479 0.05511092 0.1241318 -0.8372289 -0.02881713 0.5460929 4.202254
2.287894 0.5079969 -0.04952766 0.8599338 3.909356 0.0003120507 0.998356 0.05731572 0.1392366 -0.8613589 -0.02884786 0.5071772 4.402127
2.391499 0.4705742 -0.04939765 0.8809766 4.338561 -0.002506181 0.9983528 0.05731779 0.1575565 -0.8823569 -0.02918016 0.4696753 4.60041
2.495127 0.4341107 -0.04876219 0.8995388 4.794196 -0.003833407 0.9984249 0.05597259 0.1775272 -0.9008514 -0.0277466 0.43324 4.791823
2.598751 0.4001985 -0.04738002 0.9152029 5.277728 -0.002459822 0.9986035 0.0527733 0.1987946 -0.9164252 -0.02337103 0.399523 4.974126
2.702273 0.3705133 -0.04579345 0.9276976 5.789743 -0.0003407336 0.9987771 0.0494382 0.2220149 -0.9288271 -0.01863361 0.3700446 5.152037
2.805874 0.3447498 -0.04391011 0.937667 6.329744 0.001047874 0.9989227 0.0463934 0.2453956 -0.938694 -0.01501156 0.3444245 5.330723
2.909375 0.3239119 -0.04320487 0.9451002 6.895352 0.002240032 0.9989889 0.04490066 0.2686406 -0.9460846 -0.0124268 0.3236812 5.510973
3.012876 0.3087526 -0.04375508 0.9501354 7.490216 0.003193237 0.9989833 0.04496694 0.2909019 -0.9511371 -0.01084965 0.3085784 5.692965
3.116499 0.2971358 -0.04535063 0.9537576 8.109243 0.004506657 0.9989269 0.0460944 0.3131206 -0.9548246 -0.009398038 0.2970213 5.878028
3.220123 0.2861734 -0.04734783 0.9570073 8.752695 0.003322596 0.9988214 0.04842303 0.3367873 -0.9581721 -0.01067764 0.2859935 6.068197
3.32375 0.2755822 -0.04911161 0.9600221 9.421853 0.001669367 0.998717 0.05061191 0.3626882 -0.9612761 -0.01234511 0.2753106 6.260273
3.427371 0.2654907 -0.05082935 0.9627726 10.11201 0.0009290294 0.9986223 0.05246585 0.3902645 -0.964113 -0.01303475 0.2651722 6.449695
3.531001 0.2552866 -0.05276707 0.9654245 10.82597 -0.0001024058 0.9985081 0.05460241 0.4193165 -0.9668655 -0.01403813 0.2549003 6.636983
3.634758 0.244707 -0.05444156 0.9680674 11.55971 -0.000243316 0.9984189 0.05620996 0.4514517 -0.9695971 -0.01399052 0.2443069 6.820541
3.738395 0.2344779 -0.05557489 0.9705316 12.31146 -0.0002675058 0.9983608 0.05723309 0.486118 -0.9721215 -0.01367952 0.2340787 7.00076
3.842137 0.2239597 -0.05876757 0.972825 13.08227 -0.001673765 0.9981557 0.06068311 0.5233622 -0.974597 -0.01521885 0.2234483 7.178249
3.945774 0.2126916 -0.06187357 0.9751584 13.86203 -0.003499256 0.9979385 0.06408219 0.5631455 -0.9771131 -0.01704207 0.2120367 7.35029
4.049501 0.2005651 -0.06644519 0.9774245 14.64994 -0.004535082 0.9976237 0.06874892 0.60349 -0.9796699 -0.01822133 0.1997872 7.512325
4.15325 0.1876917 -0.0688522 0.9798118 15.44431 -0.005479795 0.9974512 0.07114144 0.6443426 -0.9822127 -0.01872182 0.186836 7.663696
4.257002 0.1736602 -0.06949137 0.9823508 16.24124 -0.005967304 0.9974147 0.0716119 0.6849788 -0.9847876 -0.01829812 0.1727966 7.803818
4.360751 0.1593308 -0.06850007 0.9848459 17.04599 -0.007306808 0.9974807 0.070561 0.7272439 -0.9871982 -0.01843862 0.1584289 7.933466
4.464541 0.1429603 -0.06748327 0.9874251 17.85699 -0.007923195 0.9975628 0.06932325 0.7679911 -0.9896967 -0.01773403 0.1420772 8.048258
4.568398 0.1227354 -0.06585881 0.9902518 18.67273 -0.01036799 0.9976561 0.06763631 0.8064539 -0.9923853 -0.01856829 0.1217649 8.147356
4.672274 0.09757047 -0.06460911 0.9931292 19.49576 -0.01483434 0.9976852 0.06636292 0.8456493 -0.9951181 -0.02120748 0.09638618 8.22821
4.776128 0.06770294 -0.06432262 0.9956299 20.32201 -0.01914779 0.997652 0.06575532 0.8850078 -0.9975218 -0.02351593 0.06631234 8.284769
4.880125 0.03479944 -0.0638987 0.9973494 21.15627 -0.02241608 0.9976529 0.06470029 0.9232781 -0.9991429 -0.0246082 0.03328541 8.311045
4.984148 0.00055469 -0.06357691 0.9979768 21.99272 -0.02432321 0.9976808 0.06357158 0.958563 -0.999704 -0.02430926 -0.000992993 8.306307
5.088126 -0.03340201 -0.0624778 0.9974872 22.83006 -0.02520042 0.9977795 0.06165225 0.9929263 -0.9991243 -0.02307779 -0.03490231 8.271717
5.192023 -0.06618836 -0.06032882 0.9959817 23.6683 -0.02699712 0.9979134 0.05865173 1.025646 -0.9974419 -0.02300657 -0.06767896 8.211107
5.295877 -0.09850067 -0.05772373 0.9934614 24.50483 -0.02971433 0.9980417 0.05504372 1.05628 -0.9946933 -0.0240982 -0.100023 8.124873
5.399752 -0.1309164 -0.05342831 0.9899527 25.33863 -0.02760771 0.998356 0.05023087 1.084175 -0.991009 -0.02075428 -0.1321762 8.006449
5.503628 -0.1625338 -0.04777256 0.9855458 26.16891 -0.02228189 0.9987502 0.04473795 1.109162 -0.9864514 -0.0146884 -0.1633951 7.855574
5.6074 -0.1929807 -0.04087264 0.9803509 26.99155 -0.0163938 0.9991268 0.03842835 1.128261 -0.9810656 -0.008655744 -0.1934823 7.679836
5.711251 -0.2217761 -0.03548258 0.9744518 27.81161 -0.01032218 0.9993671 0.03404059 1.143099 -0.975043 -0.002509075 -0.222002 7.478533
5.815003 -0.2497958 -0.02943698 0.967851 28.63097 -0.002214569 0.9995525 0.02982961 1.152061 -0.968296 0.005307937 -0.2497493 7.246691
5.918752 -0.2760849 -0.02011543 0.9609227 29.43803 0.003834841 0.9997499 0.02203001 1.152695 -0.9611256 0.009767135 -0.2759387 6.997717
6.022375 -0.3015542 -0.004619937 0.9534378 30.23007 0.008514457 0.9999353 0.007538199 1.146023 -0.9534111 0.01039118 -0.3014953 6.731675
6.126131 -0.3263613 0.01306862 0.9451547 31.01165 0.009918866 0.9998967 -0.01040056 1.131823 -0.9451931 0.005980519 -0.3264572 6.452447
6.229773 -0.35147 0.02863449 0.9357611 31.78304 0.009904458 0.9995899 -0.02686759 1.108614 -0.9361468 -0.0001749435 -0.3516094 6.157692
6.333503 -0.3762472 0.03929353 0.9256857 32.55086 0.01331029 0.9992264 -0.0370052 1.070947 -0.9264237 -0.001601956 -0.3764792 5.836955
6.437129 -0.3998266 0.04341498 0.915562 33.31009 0.01623309 0.9990563 -0.0402852 1.026378 -0.9164471 -0.001244695 -0.4001541 5.495463
6.54088 -0.4223468 0.04311262 0.9054085 34.06148 0.01953336 0.9990692 -0.03846071 0.9790894 -0.9062239 0.001441909 -0.4227958 5.135804
6.644505 -0.4426797 0.03912393 0.8958259 34.8041 0.02306832 0.9992139 -0.03223987 0.9319901 -0.8963831 0.006393259 -0.4432343 4.758144
6.748254 -0.4606858 0.03664421 0.8868065 35.5321 0.02965531 0.999225 -0.02588393 0.8869767 -0.8870678 0.01437416 -0.4614155 4.363872
6.851878 -0.4745911 0.03835757 0.8793702 36.24909 0.03368186 0.9991097 -0.02540263 0.8426907 -0.8795617 0.01756296 -0.4754606 3.963231
6.955504 -0.4858028 0.04150123 0.8730826 36.95412 0.03666324 0.9989606 -0.02708449 0.80255 -0.8732992 0.01885231 -0.4868194 3.562206
7.059005 -0.4957198 0.04472549 0.8673301 37.64822 0.03863947 0.99882 -0.02942176 0.7630243 -0.8676226 0.01892822 -0.496863 3.157985
7.162754 -0.5063042 0.04474437 0.8611933 38.33941 0.03299499 0.9989269 -0.03250242 0.7189929 -0.8617235 0.01195895 -0.5072372 2.756405
7.266377 -0.5178818 0.04212198 0.8544145 39.02884 0.03066636 0.9990591 -0.03066523 0.6757535 -0.8549024 0.01032081 -0.5186863 2.346023
7.37013 -0.5266306 0.04415413 0.8489468 39.70737 0.0333146 0.998955 -0.03128996 0.634835 -0.8494412 0.01180406 -0.5275513 1.915654
7.473752 -0.5337535 0.04751282 0.8443043 40.387 0.03698339 0.9987766 -0.03282548 0.5915961 -0.844831 0.01370451 -0.5348577 1.476584
7.577401 -0.5377401 0.05089544 0.8415731 41.07846 0.03782421 0.9986276 -0.03622503 0.5487043 -0.8422618 0.01235218 -0.5389272 1.032647
7.681003 -0.5375855 0.05280509 0.8415542 41.78415 0.03775591 0.9985436 -0.03853724 0.5077496 -0.8423635 0.01105657 -0.5387963 0.5810905
7.784655 -0.5344232 0.05341072 0.8435278 42.50745 0.03972003 0.9984858 -0.0380575 0.4621972 -0.8442832 0.01316614 -0.5357355 0.1215434
7.888275 -0.5288197 0.05163411 0.8471621 43.25224 0.03804206 0.9985866 -0.03711657 0.4157685 -0.8478812 0.01259982 -0.5300365 -0.3378365
7.991881 -0.5220723 0.05058524 0.8513998 44.01652 0.03598416 0.9986571 -0.0372692 0.3696084 -0.8521418 0.01117969 -0.5231915 -0.7952287
8.095633 -0.5150921 0.05001533 0.8556743 44.79847 0.03429061 0.9986993 -0.03773337 0.3229204 -0.8564487 0.009905426 -0.5161372 -1.255569
8.199389 -0.5088807 0.04844952 0.8594725 45.59797 0.03153601 0.9987939 -0.03763126 0.2752422 -0.8602592 0.007954512 -0.5097949 -1.718077
8.30313 -0.5044189 0.04647981 0.8622072 46.41671 0.02735822 0.9989091 -0.03784371 0.2251199 -0.8630256 0.004499376 -0.5051402 -2.182613
8.407006 -0.5029009 0.04338914 0.8632543 47.25344 0.02275913 0.9990577 -0.03695629 0.1721279 -0.8640444 0.001061566 -0.5034145 -2.652713
8.510755 -0.5033481 0.04071247 0.8631241 48.10244 0.01953136 0.9991702 -0.0357395 0.1191937 -0.863863 -0.001131428 -0.5037257 -3.13258
8.614628 -0.5044132 0.03921978 0.8625712 48.96156 0.01799253 0.9992284 -0.03491174 0.06614438 -0.863275 -0.002090104 -0.5047297 -3.62261
8.718382 -0.5048517 0.0386067 0.8623423 49.82913 0.01791862 0.9992528 -0.03424582 0.01543395 -0.8630201 -0.001837075 -0.5051663 -4.119797
8.822133 -0.5050504 0.03780329 0.8622616 50.70986 0.01785762 0.9992841 -0.03335095 -0.03397462 -0.8629051 -0.001445966 -0.5053639 -4.626524
8.925883 -0.5050733 0.03726614 0.8622715 51.60092 0.01804432 0.9993049 -0.03261913 -0.08461152 -0.8628878 -0.0009159473 -0.5053947 -5.138527
9.029629 -0.5051532 0.0367508 0.8622469 52.4966 0.01772603 0.9993239 -0.03220842 -0.1359794 -0.8628477 -0.0009859714 -0.5054631 -5.654198
9.133505 -0.5053926 0.0352101 0.8621708 53.39938 0.01608035 0.9993779 -0.03138742 -0.1889423 -0.8627397 -0.001998966 -0.5056444 -6.17036
9.237279 -0.5053618 0.03420743 0.8622293 54.29898 0.01557393 0.9994127 -0.0305219 -0.2428121 -0.862767 -0.001996305 -0.5055978 -6.686856
9.341007 -0.5048319 0.0335789 0.8625643 55.1975 0.0143819 0.9994316 -0.03048977 -0.2987033 -0.8630979 -0.002986898 -0.5050279 -7.201418
9.444755 -0.5036775 0.03212028 0.8632944 56.09471 0.01388352 0.9994804 -0.02908717 -0.3531245 -0.8637802 -0.002664987 -0.5038618 -7.714224
9.548508 -0.501636 0.02992057 0.8645612 56.99227 0.0143107 0.9995519 -0.02628895 -0.4067709 -0.8649605 -0.0008150146 -0.5018394 -8.225644
9.652155 -0.4992242 0.02838957 0.8660076 57.88905 0.01463781 0.9995968 -0.02433071 -0.4587551 -0.8663492 0.0005299693 -0.4994385 -8.733355
9.755883 -0.4969069 0.02798481 0.8673525 58.78294 0.01489235 0.9996077 -0.02372015 -0.5090484 -0.8676761 0.001130207 -0.4971287 -9.236703
9.85963 -0.4947333 0.02852664 0.8685765 59.67603 0.01553885 0.9995917 -0.02397879 -0.5592501 -0.8689059 0.001633571 -0.4949746 -9.738335
9.963509 -0.4938511 0.02886037 0.8690674 60.5683 0.01538354 0.9995826 -0.02445283 -0.6093983 -0.8694104 0.001293278 -0.4940889 -10.23718
10.06727 -0.4943765 0.03022571 0.8687222 61.45389 0.01478575 0.9995431 -0.02636307 -0.6617839 -0.8691222 -0.0001885739 -0.4945975 -10.73111
10.17113 -0.497217 0.03192219 0.8670388 62.33532 0.01346887 0.9994865 -0.02907467 -0.7144474 -0.8675217 -0.002778388 -0.4973916 -11.22461
10.27501 -0.5016094 0.03254093 0.864482 63.20903 0.01236763 0.9994599 -0.03044557 -0.7673912 -0.8650059 -0.00458019 -0.5017409 -11.72056
10.37888 -0.5070402 0.0313565 0.8613519 64.07973 0.01295155 0.9995024 -0.0287617 -0.8195839 -0.8618252 -0.003427495 -0.507194 -12.22485
10.48276 -0.5125311 0.02874164 0.8581875 64.94007 0.01437747 0.9995868 -0.02489068 -0.8749911 -0.8585483 -0.0004186835 -0.5127325 -12.73747
10.58651 -0.5177335 0.02656506 0.8551294 65.79473 0.01185191 0.9996446 -0.02387884 -0.9282033 -0.8554599 -0.002227959 -0.5178643 -13.24559
10.69039 -0.5226363 0.02941155 0.8520482 66.6375 0.01399654 0.999566 -0.02591837 -0.9805354 -0.8524408 -0.001620158 -0.5228212 -13.75919
10.79413 -0.5274222 0.03189323 0.8490045 67.47269 0.01432573 0.9994869 -0.0286467 -1.033058 -0.8494826 -0.002946299 -0.5276085 -14.27378
10.89801 -0.5323119 0.03183277 0.8459496 68.30616 0.0126751 0.9994804 -0.02963431 -1.087156 -0.8464535 -0.005052202 -0.5324388 -14.78945
11.00175 -0.5360908 0.03225966 0.8435437 69.13168 0.01171101 0.9994576 -0.03077968 -1.141061 -0.8440791 -0.006621957 -0.5361778 -15.30806
11.10539 -0.5393463 0.03139766 0.8414985 69.95241 0.01242015 0.9994925 -0.02933216 -1.192211 -0.8419925 -0.00536865 -0.5394625 -15.83039
11.20913 -0.5418385 0.02556549 0.8400937 70.77487 0.01359325 0.9996731 -0.02165448 -1.238526 -0.8403727 -0.0003136271 -0.5420089 -16.35928
11.31289 -0.5439621 0.01656099 0.8389463 71.59496 0.01328968 0.9998498 -0.01112041 -1.282215 -0.8390046 0.005100239 -0.5441005 -16.88675
11.41663 -0.5457263 0.01194765 0.8378783 72.40886 0.0126624 0.9999017 -0.00601075 -1.318045 -0.8378678 0.007329323 -0.545824 -17.41131
11.52039 -0.5467919 0.01945582 0.8370425 73.20718 0.01388613 0.9998032 -0.01416795 -1.35273 -0.8371534 0.003876361 -0.5469545 -17.93042
11.62401 -0.5478065 0.02543605 0.8362183 73.99928 0.01563674 0.9996744 -0.02016444 -1.391231 -0.8364589 0.002029515 -0.5480259 -18.45101
11.7278 -0.5482496 0.03003017 0.8357754 74.79183 0.02118694 0.9995331 -0.02201599 -1.430026 -0.8360464 0.005637266 -0.5486298 -18.97578
11.83151 -0.5479916 0.03041695 0.8359306 75.58518 0.02480583 0.99949 -0.02010701 -1.475622 -0.836116 0.009717477 -0.5484666 -19.50011
11.93526 -0.5474528 0.02758302 0.8363819 76.3816 0.02401024 0.9995629 -0.0172487 -1.517748 -0.8364921 0.01063888 -0.5478757 -20.01769
12.03893 -0.5467379 0.02340864 0.8369765 77.17766 0.0230623 0.9996509 -0.01289336 -1.553839 -0.8369861 0.01225331 -0.5470869 -20.53358
12.14264 -0.5459641 0.01677805 0.8376405 77.9762 0.02007551 0.9997744 -0.006940643 -1.590768 -0.837568 0.01302671 -0.5461778 -21.04565
12.24638 -0.5455092 0.01006165 0.8380444 78.77335 0.0116155 0.9999226 -0.004444298 -1.622926 -0.8380244 0.007309898 -0.5455839 -21.54511
12.35015 -0.5440667 0.005812895 0.8390218 79.57091 0.004337534 0.9999821 -0.004115375 -1.647452 -0.8390308 0.001400245 -0.5440822 -22.04329
12.45388 -0.542074 0.005488407 0.8403128 80.35975 0.006576327 0.9999757 -0.002288938 -1.672576 -0.8403051 0.004285396 -0.5420969 -22.55003
12.55763 -0.5389628 0.00798906 0.8422917 81.14486 0.01078112 0.9999385 -0.002585744 -1.699977 -0.8422606 0.007687229 -0.5390158 -23.05551
12.66139 -0.5339357 0.01250467 0.8454326 81.93166 0.01321294 0.9998919 -0.006444587 -1.723704 -0.8454219 0.007729654 -0.5340432 -23.55204
12.76505 -0.5262425 0.01515726 0.8501994 82.7216 0.01899031 0.9998012 -0.006070036 -1.744715 -0.8501225 0.01295124 -0.5264258 -24.04556
12.86876 -0.5181164 0.0168656 0.8551438 83.51715 0.02586392 0.9996573 -0.004045287 -1.770218 -0.854919 0.02002144 -0.5183751 -24.53507
12.9724 -0.5083152 0.0172389 0.8609985 84.31881 0.02451954 0.999684 -0.005539851 -1.788533 -0.860822 0.01829529 -0.5085773 -25.0028
13.07617 -0.4974733 0.0151648 0.8673467 85.13089 0.02234398 0.9997394 -0.004664016 -1.805753 -0.8671915 0.01705975 -0.4976825 -25.45724
13.17993 -0.4858919 0.01153787 0.8739427 85.94484 0.02212486 0.9997548 -0.0008979555 -1.822552 -0.8737389 0.01889955 -0.486028 -25.90591
13.28368 -0.474708 0.01005332 0.8800859 86.75945 0.02184015 0.9997614 0.0003599212 -1.839846 -0.8798723 0.01939206 -0.4748143 -26.33928
13.38743 -0.462842 0.009424718 0.8863907 87.58352 0.02261341 0.9997436 0.001177951 -1.85177 -0.8861524 0.02058951 -0.4629364 -26.76347
13.49113 -0.4508179 0.01059844 0.892553 88.40537 0.02496485 0.999688 0.0007388452 -1.869075 -0.8922668 0.02261553 -0.4509418 -27.17759
13.59489 -0.4386412 0.01304329 0.8985676 89.23085 0.02421538 0.9997031 -0.002690457 -1.893883 -0.898336 0.02057901 -0.4388269 -27.57508
13.69876 -0.4268339 0.0238663 0.904015 90.05203 0.02785083 0.9995244 -0.01323792 -1.91775 -0.9039011 0.01952717 -0.4272957 -27.96252
13.80249 -0.4141655 0.02921613 0.9097326 90.88071 0.02820888 0.9994166 -0.01925396 -1.943851 -0.9097644 0.01768821 -0.414748 -28.33927
13.90626 -0.4025051 0.0251772 0.9150714 91.72222 0.02639237 0.9995253 -0.01589187 -1.977509 -0.9150372 0.01775434 -0.4029785 -28.70201
14.01003 -0.3905536 0.02123822 0.9203352 92.56728 0.02516643 0.9996065 -0.01238791 -2.01159 -0.9202362 0.01832341 -0.3909344 -29.05556
14.1138 -0.3805729 0.02196923 0.9244899 93.40903 0.02221502 0.9996464 -0.01461026 -2.04625 -0.9244841 0.01497729 -0.3809264 -29.39508
14.21764 -0.3733046 0.02566433 0.9273538 94.24877 0.01804085 0.999629 -0.02040224 -2.082058 -0.9275334 0.009113996 -0.3736291 -29.72193
14.32153 -0.3683183 0.03118118 0.9291767 95.09156 0.01232014 0.9995133 -0.02865793 -2.119871 -0.9296181 0.0008923471 -0.3685233 -30.04218
14.42539 -0.3647887 0.03303496 0.9305041 95.93682 0.009476799 0.9994503 -0.0317675 -2.16316 -0.9310421 -0.002770224 -0.3649012 -30.36357
14.52926 -0.3610781 0.0326668 0.9319632 96.78367 0.007428916 0.9994553 -0.03215427 -2.209948 -0.932506 -0.004686727 -0.3611241 -30.6831
14.63312 -0.3562009 0.03299304 0.9338267 97.62797 0.007842455 0.9994468 -0.03232003 -2.254489 -0.9343765 -0.004188933 -0.3562626 -30.99995
14.73691 -0.3505397 0.02979465 0.9360738 98.47826 0.005777884 0.9995436 -0.02965117 -2.300639 -0.9365301 -0.004985387 -0.3505519 -31.31096
14.84076 -0.3452582 0.02514112 0.9381709 99.33337 0.004706859 0.9996749 -0.02505714 -2.34789 -0.938496 -0.004235346 -0.3452643 -31.61656
14.94451 -0.3394918 0.02250644 0.9403397 100.1848 0.003820552 0.9997384 -0.02254878 -2.394151 -0.9406013 -0.004062511 -0.339489 -31.91408
15.04826 -0.3337775 0.02063786 0.9424259 101.0383 -0.003821443 0.9997224 -0.02324602 -2.436801 -0.9426442 -0.01136043 -0.333606 -32.19559
15.15201 -0.3277148 0.02098731 0.9445436 101.8913 -0.01177247 0.9995849 -0.02629484 -2.479664 -0.9447034 -0.01973682 -0.3273317 -32.46899
15.25576 -0.3209593 0.02394099 0.9467903 102.7387 -0.01075982 0.9995237 -0.02892199 -2.524306 -0.9470319 -0.01947007 -0.3205488 -32.74622
15.35953 -0.3137758 0.0279427 0.9490858 103.5885 -0.007876338 0.9994559 -0.03202967 -2.567807 -0.9494645 -0.01752545 -0.313385 -33.02355
15.46328 -0.3071515 0.02636724 0.9512953 104.4455 -0.008735291 0.9994958 -0.03052366 -2.610933 -0.9516206 -0.01768523 -0.3067663 -33.28918
15.56714 -0.3003027 0.02118723 0.9536086 105.3065 -0.009618011 0.9996352 -0.02523868 -2.657199 -0.9537955 -0.01675106 -0.2999894 -33.55357
15.67089 -0.2932163 0.01801806 0.9558763 106.1709 -0.01095002 0.9996935 -0.02220294 -2.704158 -0.9559835 -0.01697713 -0.2929291 -33.80988
15.77464 -0.2867608 0.02111858 0.9577694 107.0286 -0.01249763 0.9995894 -0.02578256 -2.745462 -0.9579207 -0.01936328 -0.2863791 -34.05765
15.87839 -0.2804609 0.02379786 0.9595704 107.8896 -0.01253753 0.9995165 -0.028453 -2.790316 -0.9597836 -0.02001059 -0.2800269 -34.29846
15.98216 -0.273732 0.0254735 0.9614686 108.7523 -0.01377364 0.9994429 -0.03040099 -2.835895 -0.9617074 -0.02156465 -0.2732286 -34.53399
16.08605 -0.2668961 0.0240113 0.9634261 109.6205 -0.01457336 0.9994747 -0.02894697 -2.88283 -0.9636151 -0.02176619 -0.266406 -34.76364
16.18976 -0.2589284 0.02418283 0.9655937 110.487 -0.01125545 0.9995431 -0.02805129 -2.928512 -0.965831 -0.01813147 -0.2585379 -34.99323
16.29351 -0.2511015 0.02499321 0.967638 111.3535 -0.007608843 0.9995847 -0.02779286 -2.97359 -0.9679309 -0.01434143 -0.2508071 -35.21847
16.39726 -0.2444176 0.0253949 0.9693375 112.2223 -0.005921582 0.9995992 -0.02768083 -3.017837 -0.969652 -0.01250569 -0.2441693 -35.43239
16.50103 -0.2378125 0.02455726 0.9710006 113.0945 -0.01164016 0.9995365 -0.02812981 -3.06272 -0.9712414 -0.01799222 -0.2374164 -35.63108
16.60476 -0.2319982 0.02287074 0.9724473 113.9689 -0.01557129 0.9995081 -0.02722205 -3.10652 -0.9725916 -0.02145772 -0.2315279 -35.82432
16.70864 -0.2272133 0.02240141 0.9735873 114.8418 -0.01347358 0.9995674 -0.02614362 -3.150123 -0.9737518 -0.01905788 -0.2268132 -36.02323
16.81239 -0.2224437 0.02249694 0.9746859 115.7147 -0.01189422 0.9995967 -0.02578643 -3.193868 -0.974873 -0.01732916 -0.2220865 -36.21819
16.91616 -0.2178083 0.02499013 0.9756716 116.5857 -0.01117689 0.9995427 -0.02809667 -3.239438 -0.9759276 -0.01702466 -0.2174294 -36.40785
17.02001 -0.211926 0.02342173 0.977005 117.4624 -0.005456451 0.9996688 -0.02514864 -3.279199 -0.9772705 -0.01066063 -0.211728 -36.60169
17.12376 -0.2065606 0.02222651 0.9781813 118.3368 0.001707797 0.9997486 -0.02235594 -3.318375 -0.9784323 -0.002947323 -0.2065467 -36.7945
17.22752 -0.2015798 0.02103207 0.9792463 119.2101 0.004223693 0.9997788 -0.02060362 -3.361858 -0.979463 -1.723813e-05 -0.201624 -36.97484
17.33141 -0.1973516 0.02314005 0.9800596 120.085 0.002787658 0.9997306 -0.02304316 -3.401094 -0.9803288 -0.001815536 -0.1973629 -37.14466
17.43514 -0.1937151 0.02500661 0.9807391 120.9561 0.00145314 0.9996813 -0.02520258 -3.438516 -0.9810568 -0.003456971 -0.1936897 -37.31126
17.53904 -0.1918428 0.02395892 0.9811332 121.8304 -0.001259154 0.9996951 -0.02465841 -3.481415 -0.9814249 -0.005965936 -0.1917541 -37.4746
17.64289 -0.1909599 0.02259668 0.9813377 122.7039 -0.001834021 0.999725 -0.02337697 -3.521474 -0.9815962 -0.006263858 -0.1908659 -37.63878
17.74664 -0.1897881 0.01940018 0.9816334 123.5754 0.0001819514 0.9998054 -0.01972415 -3.558368 -0.9818251 -0.003564802 -0.1897548 -37.80867
17.85054 -0.1886932 0.01352981 0.9819429 124.4524 -0.0007890136 0.9999027 -0.0139289 -3.5961 -0.9820358 -0.003403055 -0.1886641 -37.97627
17.95427 -0.1878979 0.01059726 0.9821314 125.3205 -0.00124133 0.9999384 -0.0110269 -3.63106 -0.9821878 -0.003291082 -0.1878732 -38.14146
18.05814 -0.1864555 0.01582892 0.9823359 126.1781 -0.000743319 0.9998676 -0.01625252 -3.664261 -0.9824632 -0.003760562 -0.1864191 -38.30594
18.16189 -0.1863838 0.02013241 0.9822707 127.0337 -0.0005057937 0.9997879 -0.02058742 -3.697685 -0.9824769 -0.004333989 -0.1863341 -38.46973
18.26577 -0.1865559 0.0190435 0.9822597 127.8916 -0.003457152 0.9997932 -0.02004004 -3.731608 -0.9824383 -0.00713441 -0.1864515 -38.62938
18.36958 -0.1859169 0.01858096 0.9823898 128.749 -0.005010791 0.9997902 -0.01985837 -3.773125 -0.9825527 -0.008614557 -0.1857848 -38.78916
18.47338 -0.1854941 0.01781189 0.9824839 129.6019 -0.002315256 0.999825 -0.0185634 -3.812511 -0.9826427 -0.005718104 -0.1854204 -38.95463
18.57716 -0.1844108 0.0210088 0.9826247 130.4485 -0.002083493 0.9997609 -0.02176619 -3.847217 -0.9828471 -0.006061214 -0.184323 -39.11538
18.68099 -0.184721 0.02266165 0.9825297 131.2944 -0.01027674 0.9996349 -0.02498827 -3.890191 -0.9827373 -0.01471305 -0.1844207 -39.25481
18.78486 -0.1845558 0.02340401 0.9825433 132.1343 -0.01690605 0.9994929 -0.0269833 -3.932338 -0.9826767 -0.02159085 -0.1840665 -39.39553
18.88852 -0.1840457 0.0273146 0.9825381 132.9698 -0.01452944 0.999429 -0.03050578 -3.974607 -0.9828103 -0.01989018 -0.1835437 -39.54593
18.99237 -0.1836688 0.0276597 0.9825989 133.8003 -0.01295262 0.9994491 -0.03055516 -4.018902 -0.9829029 -0.01833926 -0.1832094 -39.69762
19.09604 -0.1819559 0.02942864 0.9828662 134.6231 -0.01360384 0.999381 -0.03244158 -4.063364 -0.9832126 -0.01927369 -0.181443 -39.84431
19.19989 -0.1801141 0.02846824 0.9832337 135.4495 -0.006217937 0.9995282 -0.03007907 -4.105477 -0.9836261 -0.01153135 -0.1798521 -39.99979
19.30352 -0.1765192 0.02590211 0.9839563 136.2673 -3.216046e-05 0.9996535 -0.02632111 -4.146973 -0.9842972 -0.004677825 -0.1764572 -40.15282
19.40739 -0.1745228 0.0200347 0.9844493 137.0908 0.003831228 0.9997992 -0.01966789 -4.188573 -0.9846457 0.0003391515 -0.1745645 -40.30057
19.51115 -0.1709157 0.01984713 0.9850857 137.9023 0.004990895 0.9998017 -0.01927769 -4.226372 -0.985273 0.001621597 -0.1709809 -40.4378
19.61477 -0.1657101 0.02461578 0.9858672 138.7057 0.007087553 0.9996923 -0.02376967 -4.266655 -0.9861491 0.003048509 -0.1658336 -40.57118
19.71839 -0.1595131 0.02741188 0.9868151 139.506 0.007560578 0.999619 -0.02654543 -4.303913 -0.9871669 0.003226546 -0.1596596 -40.69614
19.82214 -0.1510622 0.02978881 0.9880753 140.3054 0.008529771 0.9995479 -0.02883062 -4.337506 -0.9884875 0.004072837 -0.151248 -40.81224
19.92567 -0.1414671 0.02471475 0.9896344 141.1082 0.009549968 0.9996758 -0.02360038 -4.377901 -0.9898969 0.006112296 -0.1416573 -40.91861
20.02941 -0.129592 0.02265996 0.9913084 141.9062 0.01329475 0.9996887 -0.02111353 -4.419464 -0.9914783 0.01044305 -0.1298529 -41.01862
20.13289 -0.1158117 0.02562887 0.9929405 142.6964 0.01816665 0.9995545 -0.02368073 -4.456348 -0.9931051 0.01529589 -0.1162257 -41.10993
20.23664 -0.1015031 0.02677699 0.9944748 143.4862 0.01785896 0.9995256 -0.02509018 -4.491871 -0.9946749 0.01521355 -0.1019332 -41.18413
20.34039 -0.08754946 0.02669749 0.9958023 144.276 0.01966065 0.9994924 -0.0250679 -4.52788 -0.9959662 0.01738343 -0.08802991 -41.24845
20.44402 -0.0737808 0.02871236 0.9968611 145.055 0.0208723 0.9994109 -0.02724099 -4.567642 -0.9970561 0.01879692 -0.07433664 -41.30354
20.54777 -0.06007383 0.03396391 0.9976159 145.8274 0.01817545 0.9992925 -0.03292652 -4.612403 -0.9980285 0.01615409 -0.06064864 -41.34484
20.65152 -0.04729335 0.04371848 0.9979238 146.5903 0.01185184 0.998996 -0.04320378 -4.657895 -0.9988108 0.009783979 -0.04776401 -41.36686
20.75527 -0.03365131 0.05194575 0.9980828 147.3502 0.007775331 0.9986317 -0.05171219 -4.704613 -0.9994034 0.006020237 -0.03400917 -41.38182
20.85914 -0.02002613 0.05368971 0.9983568 148.1169 0.007113446 0.9985394 -0.05355686 -4.754981 -0.9997742 0.006029218 -0.0203788 -41.39015
20.96289 -0.008163869 0.04952903 0.9987393 148.8864 0.003500342 0.9987679 -0.04950185 -4.810016 -0.9999606 0.0030918 -0.008327181 -41.38452
21.06677 0.002646406 0.04615038 0.998931 149.6472 -0.0009327185 0.9989342 -0.04614806 -4.866196 -0.9999961 -0.0008095969 0.002686629 -41.36492
21.17064 0.0119239 0.052251 0.9985628 150.3945 -0.004532445 0.9986263 -0.05220021 -4.92257 -0.9999187 -0.003903502 0.01214434 -41.33785
21.27452 0.0187844 0.06076957 0.997975 151.1367 -0.007115607 0.998134 -0.06064534 -4.975189 -0.9997983 -0.005962013 0.01918176 -41.30745
21.37853 0.02218974 0.06436398 0.9976797 151.8836 -0.01067848 0.9978838 -0.06413966 -5.025972 -0.9996968 -0.009230458 0.02283008 -41.27171
21.48252 0.02219372 0.06086016 0.9978995 152.6403 -0.0125648 0.9980835 -0.06059195 -5.085267 -0.9996748 -0.01119365 0.02291588 -41.24316
21.5864 0.02045747 0.05497074 0.9982784 153.3945 -0.01520047 0.998389 -0.05466535 -5.150084 -0.9996752 -0.01405598 0.02126009 -41.21665
21.69042 0.0175613 0.05215584 0.9984845 154.1484 -0.01364942 0.998558 -0.05191963 -5.204637 -0.9997526 -0.01271696 0.01824787 -41.19287
21.79428 0.01481687 0.05255732 0.998508 154.8963 -0.01108381 0.9985649 -0.05239586 -5.253941 -0.9998288 -0.01029093 0.01537814 -41.17199
21.89827 0.01124625 0.05286943 0.9985381 155.6412 -0.009789684 0.9985592 -0.0527603 -5.309298 -0.9998889 -0.009182017 0.01174762 -41.15767
22.00215 0.006389337 0.05045509 0.9987059 156.3926 -0.01101256 0.9986692 -0.0503828 -5.366278 -0.999919 -0.01067639 0.006936472 -41.13867
22.10615 0.001199615 0.05169393 0.9986622 157.1395 -0.01082611 0.9986051 -0.05167798 -5.416962 -0.9999407 -0.01074963 0.001757583 -41.12929
22.21007 -0.004773199 0.04970055 0.9987527 157.8857 -0.01210913 0.998688 -0.04975521 -5.470893 -0.9999153 -0.01233152 -0.004165108 -41.12225
22.3139 -0.01074993 0.04589409 0.9988885 158.6302 -0.01067932 0.9988839 -0.04600882 -5.52808 -0.9998852 -0.01116204 -0.01024781 -41.12149
22.41777 -0.01593767 0.04683018 0.9987757 159.3643 -0.0106964 0.9988374 -0.04700378 -5.577823 -0.9998158 -0.01143244 -0.01541823 -41.12304
22.52152 -0.02139593 0.04793854 0.9986211 160.0952 -0.01220626 0.9987628 -0.04820688 -5.628365 -0.9996966 -0.01322085 -0.02078431 -41.12638
22.6254 -0.02558249 0.04989856 0.9984266 160.8215 -0.01305593 0.9986516 -0.05024435 -5.683305 -0.9995875 -0.01432077 -0.02489653 -41.13308
22.72917 -0.02820504 0.05178909 0.9982597 161.5415 -0.01324531 0.9985499 -0.0521784 -5.738588 -0.9995144 -0.01469396 -0.02747818 -41.14341
22.8329 -0.02992572 0.0538578 0.9981001 162.2559 -0.01048767 0.9984754 -0.05419251 -5.787286 -0.9994971 -0.01208949 -0.02931525 -41.1591
22.93652 -0.0294026 0.05265598 0.9981797 162.9748 -0.00698832 0.9985763 -0.05288276 -5.840496 -0.9995433 -0.008530491 -0.02899277 -41.17304
23.04014 -0.02561126 0.04858595 0.9984906 163.6911 -0.004532311 0.9988023 -0.04871738 -5.89541 -0.9996617 -0.005773185 -0.02536039 -41.18458
23.14377 -0.01844503 0.04780467 0.9986864 164.3994 -0.0035095 0.998847 -0.04787719 -5.950404 -0.9998238 -0.004387988 -0.01825599 -41.18595
23.24742 -0.007418425 0.0489551 0.9987734 165.0989 -0.0006486812 0.9988004 -0.04896126 -6.001598 -0.9999723 -0.001011103 -0.007377772 -41.18391
23.35102 0.007121354 0.04909733 0.9987686 165.7946 0.002005095 0.9987912 -0.04911275 -6.048437 -0.9999727 0.002352372 0.007014299 -41.16984
23.45465 0.02243953 0.04734927 0.9986263 166.4858 0.001627255 0.9988748 -0.04739763 -6.093238 -0.9997469 0.002688598 0.02233723 -41.13991
23.55827 0.03841718 0.04215945 0.998372 167.1705 -0.003668784 0.9991088 -0.0420494 -6.137223 -0.9992551 -0.002047394 0.03853761 -41.09075
23.66202 0.05491856 0.03570845 0.9978521 167.853 -0.004640811 0.9993586 -0.03550696 -6.181673 -0.9984801 -0.002680854 0.05504906 -41.03668
23.76565 0.07192452 0.02868837 0.9969974 168.5301 -0.004992049 0.9995841 -0.02840267 -6.221562 -0.9973976 -0.002934213 0.07203782 -40.9753
23.8694 0.08957989 0.02108529 0.9957564 169.2001 -0.005085528 0.9997725 -0.02071284 -6.257878 -0.9959667 -0.003208495 0.08966674 -40.90154
23.97302 0.1069088 0.01506815 0.9941546 169.8614 -0.007268466 0.9998703 -0.01437315 -6.291791 -0.9942423 -0.005689364 0.1070044 -40.8143
24.07678 0.124729 0.01224565 0.9921153 170.5106 -0.008080796 0.9999032 -0.01132586 -6.321698 -0.992158 -0.006604419 0.1248159 -40.71802
24.18054 0.1428784 0.01125809 0.9896762 171.1577 -0.005929431 0.9999271 -0.01051867 -6.345942 -0.9897225 -0.004365327 0.1429347 -40.61474
24.28416 0.160323 0.01051115 0.9870086 171.7857 -0.007327816 0.9999284 -0.009458462 -6.364809 -0.9870374 -0.005716209 0.1603886 -40.49872
24.3879 0.176537 0.01027542 0.9842403 172.4136 -0.01141853 0.9998996 -0.00839084 -6.383917 -0.9842278 -0.00975728 0.1766366 -40.36841
24.49165 0.190988 0.006265987 0.9815724 173.035 -0.01417264 0.999893 -0.003625324 -6.398487 -0.9814901 -0.01321907 0.1910563 -40.23437
24.5954 0.2033735 0.002554637 0.9790979 173.6569 -0.01121446 0.9999371 -0.0002796009 -6.414475 -0.979037 -0.01092319 0.2033893 -40.10085
24.69927 0.2143717 0.001172231 0.9767514 174.272 -0.008049952 0.9999674 0.0005666596 -6.429852 -0.976719 -0.007984279 0.2143741 -39.96162
24.80311 0.2242966 0.004603043 0.9745101 174.8735 -0.01242665 0.999921 -0.001862913 -6.445461 -0.9744417 -0.01169205 0.224336 -39.80478
24.90678 0.2330915 0.01127706 0.9723894 175.4661 -0.01734422 0.9998219 -0.007437628 -6.46203 -0.9723001 -0.01513168 0.2332456 -39.64344
25.01054 0.2422731 0.02126941 0.9699749 176.0534 -0.01682542 0.9997014 -0.01771872 -6.47678 -0.9700622 -0.01202746 0.2425587 -39.48936
25.11427 0.2507408 0.02761383 0.9676603 176.6443 -0.01156988 0.9996071 -0.0255275 -6.491511 -0.9679852 -0.004794929 0.2509618 -39.33728
25.21804 0.2574235 0.02646994 0.9659361 177.2384 -0.0099837 0.9996442 -0.024733 -6.503706 -0.9662471 -0.003276763 0.2575962 -39.1767
25.32177 0.2633123 0.01927849 0.964518 177.8409 -0.01299897 0.9997804 -0.01643461 -6.523425 -0.9646231 -0.008210305 0.2635051 -38.99819
25.42552 0.2676021 0.008850193 0.9634888 178.4457 -0.01648521 0.9998535 -0.00460558 -6.542753 -0.9633885 -0.01465085 0.2677088 -38.81772
25.52939 0.2697649 -0.000218128 0.9629262 179.0512 -0.01869834 0.9998102 0.005464843 -6.563672 -0.9627447 -0.01947935 0.2697096 -38.63782
25.63321 0.2708099 -0.001355699 0.9626319 179.6497 -0.0146569 0.9998773 0.005531463 -6.577018 -0.9625213 -0.01560717 0.2707568 -38.46824
25.73702 0.2721595 0.001350028 0.9622512 180.2453 -0.01118572 0.9999359 0.001760825 -6.587494 -0.9621872 -0.0112427 0.2721571 -38.2985
25.8408 0.2737821 0.0006608061 0.9617915 180.8424 -0.007395574 0.9999716 0.001418172 -6.589823 -0.9617633 -0.007501271 0.2737792 -38.13009
25.94452 0.2755044 -0.0005198351 0.9612997 181.4417 -0.009752904 0.9999468 0.003335872 -6.592495 -0.9612504 -0.01029451 0.2754847 -37.95387
26.04815 0.2781485 -0.004482085 0.9605276 182.0434 -0.009572413 0.9999265 0.007437898 -6.599489 -0.9604904 -0.01126341 0.2780852 -37.77364
26.1519 0.281282 -0.009933839 0.9595737 182.6545 -0.009451389 0.9998692 0.0131215 -6.610135 -0.9595786 -0.01276015 0.2811513 -37.58509
26.25554 0.2854496 -0.0131917 0.9583029 183.2678 -0.008168759 0.9998354 0.01619665 -6.618163 -0.958359 -0.01245147 0.2852948 -37.39323
26.35915 0.291585 -0.0148362 0.9564299 183.8831 -0.006154848 0.9998299 0.01738584 -6.622539 -0.9565252 -0.01095613 0.291444 -37.19587
26.4628 0.2995581 -0.01794856 0.9539092 184.4992 -0.004142437 0.9997891 0.02011269 -6.624971 -0.9540691 -0.009976427 0.2994206 -36.9942
26.56661 0.3090409 -0.02005231 0.9508373 185.1118 -0.00179404 0.9997636 0.02166722 -6.625315 -0.9510471 -0.008401897 0.3089318 -36.78729
26.67029 0.3201495 -0.01842127 0.9471879 185.7206 -0.002834842 0.9997878 0.02040244 -6.626474 -0.9473628 -0.009216958 0.3200293 -36.56856
26.7739 0.3316651 -0.01467498 0.943283 186.3264 -0.004382711 0.9998442 0.01709592 -6.629118 -0.943387 -0.009804256 0.3315492 -36.33625
26.87767 0.3432085 -0.01111094 0.9391935 186.9372 -0.005265825 0.9998915 0.0137533 -6.630873 -0.9392445 -0.009665878 0.3431128 -36.09759
26.98128 0.3549344 -0.01035464 0.9348339 187.5555 -0.004155489 0.9999113 0.01265321 -6.636302 -0.934882 -0.008375752 0.3548599 -35.84729
27.08502 0.366326 -0.01341959 0.9303898 188.1796 -0.002982954 0.9998739 0.0155963 -6.641727 -0.9304818 -0.00848864 0.3662398 -35.58666
27.18879 0.3773306 -0.01499536 0.9259572 188.7952 -0.004478456 0.9998276 0.01801664 -6.647005 -0.9260678 -0.01094509 0.3771984 -35.31167
27.29253 0.3887283 -0.01568235 0.921219 189.4089 -0.005481008 0.9997981 0.01933287 -6.647317 -0.9213362 -0.01256444 0.3885638 -35.03211
27.39627 0.398348 -0.0170423 0.917076 190.0333 -0.009711319 0.9996929 0.02279587 -6.646563 -0.917183 -0.01798671 0.3980602 -34.74499
27.50002 0.4055952 -0.01546073 0.913922 190.6582 -0.01296926 0.9996589 0.02266684 -6.645353 -0.9139608 -0.02104645 0.4052563 -34.45351
27.6039 0.4100166 -0.01801138 0.9119002 191.2983 -0.01376782 0.9995688 0.02593337 -6.646441 -0.9119742 -0.02318799 0.4095918 -34.15828
27.70778 0.4125364 -0.02260343 0.9106606 191.9509 -0.01115059 0.9994919 0.02985961 -6.64243 -0.9108729 -0.02247258 0.4120748 -33.86698
27.81165 0.4128004 -0.02084626 0.9105829 192.5985 -0.0068345 0.999639 0.02598338 -6.636461 -0.9107959 -0.01694933 0.4125089 -33.57701
27.91552 0.4116063 -0.02110116 0.9111174 193.2543 -0.005652744 0.9996536 0.02570531 -6.629339 -0.9113443 -0.01573078 0.4113444 -33.28043
28.0194 0.4108463 -0.01998333 0.9114856 193.9224 -0.00213846 0.9997359 0.02288202 -6.624605 -0.9117021 -0.01135017 0.4106951 -32.98431
28.12328 0.4106521 -0.02116231 0.9115465 194.6076 0.001910107 0.9997484 0.02234948 -6.620022 -0.9117901 -0.007436712 0.4105892 -32.68987
28.22715 0.4099903 -0.02768885 0.9116695 195.2935 0.00515607 0.9995935 0.02804049 -6.613679 -0.9120753 -0.006795698 0.4099664 -32.39218
28.3309 0.4089264 -0.03061864 0.9120535 195.9819 0.005803287 0.999504 0.0309525 -6.607632 -0.9125489 -0.007364387 0.4089013 -32.09196
28.43477 0.407312 -0.03308073 0.9126897 196.6689 0.005723554 0.9994166 0.03366989 -6.601884 -0.9132712 -0.008490324 0.4072638 -31.78881
28.53865 0.4059481 -0.03360882 0.9132779 197.3577 0.005665259 0.9993969 0.03425984 -6.590085 -0.9138786 -0.00873376 0.4058937 -31.4845
28.64242 0.40401 -0.03358043 0.914138 198.0447 0.004209339 0.9993836 0.03485154 -6.577998 -0.9147449 -0.01023246 0.4039023 -31.17947
28.74615 0.402282 -0.03283317 0.9149269 198.7286 0.003350705 0.9994028 0.03439143 -6.568027 -0.9155097 -0.0107694 0.4021517 -30.8781
28.8499 0.40103 -0.02985148 0.9155784 199.4136 0.003828128 0.9995148 0.03091139 -6.558335 -0.916057 -0.008891445 0.4009497 -30.57849
28.9538 0.4002981 -0.02379988 0.9160759 200.0964 0.004663276 0.9997026 0.02393481 -6.544179 -0.9163732 -0.005309144 0.40029 -30.28273
29.05752 0.3993286 -0.01998389 0.91659 200.7784 0.002298429 0.9997811 0.02079631 -6.530959 -0.916805 -0.006197846 0.3992871 -29.98209
29.16127 0.3978412 -0.02255812 0.9171769 201.4645 0.0009054686 0.9997068 0.0241952 -6.520036 -0.9174539 -0.008795372 0.397745 -29.67879
29.2649 0.3967251 -0.02587147 0.9175728 202.149 -0.0011667 0.9995877 0.02868837 -6.508843 -0.9179368 -0.01245193 0.3965313 -29.37762
29.36865 0.3943686 -0.0258924 0.9185875 202.8328 -0.004853155 0.9995303 0.03025751 -6.500732 -0.9189396 -0.01639066 0.3940577 -29.07468
29.47253 0.3896662 -0.02534916 0.9206072 203.5186 -0.007896098 0.9994924 0.03086348 -6.489796 -0.9209224 -0.01929566 0.3892682 -28.7761
29.5763 0.3833293 -0.02641 0.9232341 204.2052 -0.007201342 0.9994752 0.03158097 -6.476282 -0.9235837 -0.01875443 0.382938 -28.49044
29.68017 0.3746191 -0.0268342 0.9267904 204.8965 -0.007432096 0.9994621 0.03194247 -6.466747 -0.9271491 -0.01885425 0.3742181 -28.21234
29.7839 0.3647463 -0.02635402 0.9307339 205.5855 -0.005491692 0.9995211 0.0304539 -6.460876 -0.9310908 -0.01621925 0.3644269 -27.94682
29.88778 0.3542582 -0.023168 0.9348606 206.2804 -0.005509685 0.999624 0.02686084 -6.457291 -0.9351314 -0.01466646 0.3539974 -27.68336
29.99166 0.3427197 -0.02215805 0.9391763 206.9776 -0.008461807 0.9996084 0.02667167 -6.45162 -0.9393996 -0.01708803 0.342398 -27.42532
30.09553 0.3317271 -0.03012798 0.9428942 207.6847 -0.004646319 0.9994256 0.03356897 -6.442866 -0.943364 -0.01551672 0.3313966 -27.18172
30.19928 0.3230834 -0.03965624 0.9455392 208.3951 0.000499293 0.9991286 0.0417332 -6.431564 -0.9463704 -0.0130112 0.3228217 -26.9494
